1000 
   100   0.580009   5.846755   0.903133 0.02611997492965911771
   200   0.594778   6.193309   0.940353 0.01135622310323103346
   300   0.742684   8.486724   1.869649 -0.05400793326073616285
   400   0.682467  12.408419   2.696569 -0.00226224400130048409
   500   0.749779  11.799902   2.363264 0.00328335364507426064
   600   0.671642  10.990084   1.828784 -0.00289661719634293213
   700   0.843572  14.826787   2.959307 -0.00605014777195744813
   800   0.820141  18.797589   3.660126 -0.09939160369075406010
   900   0.640969   7.637319   1.442347 -0.00025797084080214638
  1000   0.792814  20.464596   4.143311 -0.05193140419030051191
  1100   0.701362  10.094802   1.932509 -0.00385741144279450054
  1200   0.758473  16.193022   3.326578 -0.04696834534394378480
  1300   0.789408  18.385927   3.619831 -0.00078239055624251819
  1400   0.772869  17.455693   3.525256 -0.00328802651621140640
  1500   0.802242  28.081430   5.761614 -0.00443926990060017346
  1600   0.721158  13.930364   2.678376 -0.00321904946982565221
  1700   0.776735  15.696229   2.899085 -0.00010124104743214346
  1800   0.739980  16.188034   3.053750 -0.01298356246049126028
  1900   0.821404  12.727064   2.496257 -0.00226641876460442759
  2000   0.754165  19.025638   3.767601 -0.02801371613184278075
  2100   0.801923  17.071073   3.330794 -0.00212932856804837201
  2200   0.807043  26.321936   5.117015 -0.00379758551207753925
  2300   0.847645  24.571940   4.946088 -0.00035033165693576507
  2400   0.848161  24.080056   5.224187 -0.00319203207925511379
  2500   0.811117  16.003451   3.543025 -0.00333974686560756240
  2600   0.803030  18.955399   3.882889 -0.00296811879344849316
  2700   0.722002  10.878506   2.081210 -0.00182251436036784398
  2800   0.768969  14.735583   2.756824 -0.00083493745045704060
  2900   0.784340  17.219694   3.558061 -0.00463389705182093437
  3000   0.828653  15.328167   3.008904 -0.00052640508286616594
  3100   0.797954  19.112071   4.010866 -0.00266846875333737188
  3200   0.878397  41.315600   8.868659 -0.02710610725918272124
  3300   0.834326  17.403133   3.356381 0.00232258025147880076
  3400   0.721868  11.623550   2.284192 -0.00633075970005414490
  3500   0.803470  27.319979   5.455564 -0.00062558692600056531
  3600   0.838161  23.414940   4.779574 -0.00097643817711379199
  3700   0.812035  24.129263   4.958494 0.00221309597491270438
  3800   0.728678  17.221304   3.243827 0.00350257172330659117
  3900   0.839390  26.561894   5.429700 -0.01889397348489030293
  4000   0.856203  17.298334   3.485584 -0.00435532353863354871
  4100   0.765068  14.603750   2.806488 -0.01096743218796669694
  4200   0.893426  41.831972   8.923983 -0.00017143137623776283
  4300   0.777807  13.416293   2.629570 -0.00376709792408380650
  4400   0.793314  35.133934   7.224850 -0.00156154952414855330
  4500   0.778923  18.040929   3.611345 -0.00084994941085847486
  4600   0.811457  18.734598   3.860269 -0.00068690809901772454
  4700   0.805802  18.009392   3.725101 0.00060547584684389477
  4800   0.786642  17.433320   3.464340 -0.00053211791249241358
  4900   0.879074  29.238614   6.239694 -0.01378967025665289725
  5000   0.822997  19.118003   3.860850 -0.00481034931028734292
  5100   0.811911  17.939541   3.570249 -0.00007164527510905572
  5200   0.843695  20.915538   4.227348 -0.00000429923321476622
  5300   0.745623  14.452256   2.795979 -0.00175923493761809269
  5400   0.839046  21.371606   4.174378 -0.00100101797992646624
  5500   0.787932  15.185445   2.941326 -0.00188946965074610063
  5600   0.874344  21.975304   4.622070 -0.00059217998873162259
  5700   0.781430  17.212562   3.373518 0.00045961059774235480
  5800   0.788554  22.365635   4.463800 -0.00161455682619937591
  5900   0.786777  27.286998   5.234898 -0.00050577949622443441
  6000   0.755891  14.934241   2.944520 -0.00001430709029381916
  6100   0.817969  17.159431   3.595373 -0.00248166212510669837
  6200   0.768707  14.579871   2.880595 -0.00010506610697769148
  6300   0.795234  17.815763   3.594755 -0.00233245255466263401
  6400   0.756863  12.680049   2.465935 0.00125089167071612550
  6500   0.745985  13.860256   2.684736 0.00011072677460743918
  6600   0.801453  22.822864   4.602328 -0.00028247595868613473
  6700   0.755830  15.308441   3.024340 -0.00079029897345916922
  6800   0.751252  14.977395   2.908106 -0.01468862386683955634
  6900   0.840277  37.475507   7.392100 0.00019239532453596553
  7000   0.791185  19.879050   3.793102 -0.00095723645123957368
  7100   0.826991  28.488796   5.927299 0.00082649694250402916
  7200   0.805317  17.223148   3.583737 0.00036518158391762867
  7300   0.828864  20.274233   4.114603 -0.00134447094689793545
  7400   0.827334  20.939598   4.215170 -0.00104664923299235824
  7500   0.749122  16.076473   3.150693 -0.00029573374836999733
  7600   0.738720  14.729192   2.709359 -0.00003664719101426073
  7700   0.828019  17.721856   3.634985 -0.00144763581604578917
  7800   0.786913  18.034112   3.546125 -0.00058405052130350299
  7900   0.809680  21.984651   4.373325 -0.00134177140164926101
  8000   0.808279  18.370692   3.682999 -0.00032444766235339983
  8100   0.762057  13.093929   2.605471 0.00123407039985146127
  8200   0.799581  24.836282   5.073886 0.00062094689266256609
  8300   0.836343  23.558808   4.808593 0.00032502907122289315
  8400   0.762788  19.449931   3.857378 -0.00019155333896359039
  8500   0.778326  14.848187   3.011894 0.00033262765490649215
  8600   0.847634  19.483003   3.962052 -0.00024709954839874371
  8700   0.787034  18.457701   3.652537 -0.00081461326088705377
  8800   0.786511  16.692932   3.382128 -0.00008755049160757977
  8900   0.763172  14.671153   2.829819 -0.00385700233012142846
  9000   0.778244  16.910563   3.417086 -0.00072623456337783665
  9100   0.781682  19.327310   3.827007 -0.00022557085307584046
  9200   0.777774  15.197683   2.980158 0.00009053019547122787
  9300   0.806124  19.186033   3.788450 -0.00130699019185653853
  9400   0.791559  20.100679   3.908262 -0.00067844440600151046
  9500   0.823724  18.838504   3.802320 -0.00107482855504370534
  9600   0.849541  32.623945   6.820696 0.00025286690212933394
  9700   0.797241  18.087186   3.612752 -0.00282095195416554034
  9800   0.786683  15.734140   3.138389 -0.00041090854475100969
  9900   0.804354  19.146619   3.875510 -0.00022983156059019905
 10000   0.772559  18.794932   3.763020 -0.00348430545772826505
 10100   0.801905  17.954149   3.615073 -0.00419907621407578091
 10200   0.830164  17.825885   3.699554 -0.00019111329275522948
 10300   0.802170  20.740168   4.226488 -0.00007685217226782726
 10400   0.758142  14.313696   2.808246 -0.00081672076266947613
 10500   0.774234  14.935391   3.031621 -0.00239715835825116130
 10600   0.809460  20.914636   4.228514 0.00020630915296138141
 10700   0.808568  16.582862   3.290294 0.00006838463816016827
 10800   0.797201  18.622686   3.746437 -0.00051689115586350809
 10900   0.776552  16.555522   3.218079 -0.00189387717384947862
 11000   0.868857  23.605180   4.907808 -0.00636149066302049704
 11100   0.805189  23.034974   4.528897 -0.00131481051545279115
 11200   0.810102  19.279811   3.921499 0.00012348473037615548
 11300   0.801302  17.065034   3.394874 -0.00303058693299318449
 11400   0.798682  19.404546   3.876626 -0.00258103469675186048
 11500   0.806923  22.598250   4.582731 0.00019891460185839094
 11600   0.819140  22.181191   4.336419 -0.00038580148943800907
 11700   0.818424  28.898107   5.841755 -0.00208426858249577407
 11800   0.841671  27.441293   5.616055 -0.00243359799844089508
 11900   0.819690  18.967235   3.943208 -0.00006392961998091806
 12000   0.808023  18.410261   3.675336 -0.00057892278843851841
 12100   0.798102  17.985912   3.613764 0.00023118138878519545
 12200   0.819142  25.342264   5.168068 -0.00009226609183166090
 12300   0.799416  19.338772   3.984275 -0.00454371905876271853
 12400   0.779579  20.319367   4.121447 0.00022053790579157351
 12500   0.801511  20.535612   4.171262 0.00006831756040526216
 12600   0.789504  22.911779   4.514100 -0.00279334669531738911
 12700   0.790189  14.875028   2.998179 -0.00025195912764175432
 12800   0.807271  19.455356   3.941003 -0.00022638654599838048
 12900   0.785744  17.066321   3.447631 -0.00003040692123690292
 13000   0.797657  18.155160   3.667169 -0.00017341791963199071
 13100   0.791808  16.064939   3.292866 0.00016668561675770022
 13200   0.803222  22.328057   4.465870 0.00025915178863922250
 13300   0.808896  18.982935   3.912650 -0.00097512100146346370
 13400   0.759435  19.171755   3.758413 -0.00010970672641841261
 13500   0.769883  19.129066   3.788879 -0.00009276688986670223
 13600   0.828229  24.285963   4.987497 -0.00005386037190469040
 13700   0.772307  15.162833   2.962992 0.00015198014819128858
 13800   0.816434  27.114378   5.467458 0.00135708260995048846
 13900   0.846383  23.345866   4.830081 -0.00200966773908550778
 14000   0.799879  19.318566   3.914761 -0.00138787728603784188
 14100   0.815947  20.039623   4.033359 -0.00014786782551823308
 14200   0.831193  26.151220   5.395711 -0.00028015428453453950
 14300   0.796796  18.667982   3.735534 -0.00067283664255102238
 14400   0.812748  24.577089   4.940901 -0.00011819400935575430
 14500   0.744726  13.875193   2.653404 -0.00010694563332291906
 14600   0.815990  20.075092   4.052153 0.00000950137731514644
 14700   0.795364  21.060448   4.140382 -0.00007368656022244124
 14800   0.792689  19.432459   3.849583 -0.00014431571275741462
 14900   0.798491  21.259289   4.213649 0.00031437812042955926
 15000   0.808895  19.278835   3.942246 -0.00091836306652037791
 15100   0.810758  24.143088   4.846965 -0.00083891606250663386
 15200   0.795133  23.697451   4.767003 -0.00210892957569264183
 15300   0.791647  15.416050   3.135028 -0.00057638490025668787
 15400   0.768691  14.723575   2.887886 -0.00137618309486065016
 15500   0.787239  17.103490   3.364417 -0.00000491545273506588
 15600   0.796572  20.138286   4.022589 -0.00119506647824341172
 15700   0.820695  19.775944   3.982096 0.00045582372342911626
 15800   0.768349  16.096022   3.169845 0.00055834365628726346
 15900   0.810871  21.390900   4.351346 -0.00082796038489707513
 16000   0.793472  15.915752   3.227416 -0.00049726786536297141
 16100   0.829865  21.256878   4.387361 -0.00000539524476739217
 16200   0.818327  20.709988   4.235032 -0.00028824556238316035
 16300   0.789602  18.496300   3.689748 -0.00043452265025267778
 16400   0.801454  18.779119   3.755816 -0.00000771964411017123
 16500   0.830090  25.533398   5.042935 -0.00029807915407253915
 16600   0.834308  23.110791   4.731238 -0.00090539870360739627
 16700   0.791996  22.546875   4.416957 -0.00061021280938167166
 16800   0.829081  33.917517   6.864814 -0.00146483190001500674
 16900   0.821712  24.028686   5.005915 -0.00029824095058827993
 17000   0.793765  18.818364   3.747371 0.00030211929408885396
 17100   0.760665  14.108732   2.803720 -0.00069992058106471688
 17200   0.817299  20.260585   4.114757 -0.00096925114345491892
 17300   0.759925  20.942061   4.137474 -0.00009616365823017503
 17400   0.779666  19.342156   3.839119 -0.00041028995044989358
 17500   0.808990  21.588130   4.345882 -0.00258419479020943754
 17600   0.830621  20.109558   4.173221 -0.00065472939610700109
 17700   0.807486  18.737476   3.791871 -0.00008600167891481547
 17800   0.809100  24.912164   4.941585 -0.00026094558797584710
 17900   0.799600  20.544973   4.033367 0.00012491992981722433
 18000   0.828647  22.186812   4.474192 -0.00014887167944177548
 18100   0.841015  23.727189   4.854478 0.00023555315175904923
 18200   0.809257  24.858258   5.127848 0.00049085431905915300
 18300   0.805606  21.834900   4.498253 0.00002549107814786566
 18400   0.818953  20.753517   4.188231 0.00030682005827298298
 18500   0.794217  18.789649   3.738864 -0.00078434978330266247
 18600   0.823585  23.317811   4.703491 -0.00018777808621628367
 18700   0.805997  20.926562   4.138312 0.00000021898603819182
 18800   0.791014  18.344496   3.591932 0.00011873311459842384
 18900   0.788792  19.130937   3.806316 -0.00165190478822863085
 19000   0.797948  20.444864   4.071696 -0.00006021317442517216
 19100   0.788443  19.167018   3.763257 0.00009856326459001252
 19200   0.760102  15.690908   3.096867 -0.00127055144984478119
 19300   0.780997  16.799613   3.309418 -0.00001870110503965350
 19400   0.823613  21.182328   4.357179 -0.00048441635700857688
 19500   0.812609  17.822734   3.613899 -0.00000305509358478062
 19600   0.793263  22.889347   4.570981 -0.00221690021617249045
 19700   0.803712  17.960374   3.594795 -0.00275001964252830078
 19800   0.791904  21.469805   4.211366 -0.00018596328028941400
 19900   0.783673  19.060422   3.770203 -0.00069572585376942442
 20000   0.801560  21.018578   4.131881 -0.00142267422658015619
 20100   0.824948  23.271686   4.764190 -0.00013808410614668531
 20200   0.818941  24.212398   4.851011 0.00014041431226008427
 20300   0.803776  18.519564   3.750423 -0.00001665385436622202
 20400   0.803758  20.143354   3.967406 -0.00004462466554233657
 20500   0.802949  20.436258   4.057152 -0.00019302888695360565
 20600   0.791661  16.013092   3.172467 0.00016488894524702147
 20700   0.818076  23.665994   4.805474 0.00024839791753894502
 20800   0.799069  19.592935   3.975524 -0.00052259020093892161
 20900   0.795474  19.637149   3.897121 -0.00024190309008043087
 21000   0.789590  18.687731   3.729177 -0.00036045362770042999
 21100   0.782389  20.481315   4.090643 -0.00076691413969331990
 21200   0.787968  22.450813   4.505318 0.00032943434479726363
 21300   0.825278  20.648255   4.156499 -0.00029520634807767010
 21400   0.805139  18.880010   3.829949 0.00013058570937918290
 21500   0.829813  22.412129   4.632499 -0.00003558394582281466
 21600   0.791820  20.101327   4.009039 -0.00005926861387361981
 21700   0.780062  16.494706   3.204063 0.00013714180109003493
 21800   0.780806  18.680585   3.706491 -0.00049083988977294268
 21900   0.784995  17.132358   3.385773 -0.00236606800821670404
 22000   0.803705  21.896426   4.371845 -0.00047290933392929446
 22100   0.791656  17.975384   3.620826 -0.00027809461455063911
 22200   0.798221  20.196581   4.153411 0.00037515424214618065
 22300   0.817595  22.955340   4.674616 0.00016727451575349050
 22400   0.795314  21.606698   4.281952 0.00016012040644408643
 22500   0.782885  17.361325   3.363345 -0.00012285321062810439
 22600   0.822478  22.008749   4.441733 -0.00091805665351696319
 22700   0.839125  26.588608   5.484001 -0.00004541007567304689
 22800   0.796793  19.103458   3.751873 -0.00011334940368090685
 22900   0.807230  22.438623   4.517958 -0.00014158608115444338
 23000   0.805581  18.035674   3.593728 -0.00007643460331197005
 23100   0.809385  21.720394   4.415489 -0.00005056391729052478
 23200   0.793574  19.232513   3.856119 -0.00033138993512782378
 23300   0.789207  18.617724   3.708341 -0.00002222137841156879
 23400   0.792824  18.476721   3.673690 -0.00033455780063995633
 23500   0.833951  22.948376   4.671463 -0.00024058702114082564
 23600   0.804904  20.052116   4.047715 -0.00009375527002131179
 23700   0.785429  18.099883   3.579371 -0.00012878011107853027
 23800   0.779892  17.789172   3.512230 -0.00001017145021542376
 23900   0.800787  19.748522   3.959515 -0.00010481830078168386
 24000   0.805349  20.400176   4.115880 0.00014498830831044529
 24100   0.811773  21.635691   4.309004 -0.00017930992486814290
 24200   0.794748  17.770020   3.570882 -0.00001069187833824259
 24300   0.847607  25.255580   5.246586 0.00007724670869535544
 24400   0.785701  18.632816   3.724324 0.00005125982009790420
 24500   0.801913  24.636811   4.981144 -0.00052019121426649662
 24600   0.790106  16.640716   3.316581 -0.00006273147455715389
 24700   0.810689  21.033466   4.283940 -0.00024522981885954920
 24800   0.795494  19.939940   3.926906 0.00002405227676183230
 24900   0.790613  19.165851   3.786386 0.00016867482023563696
 25000   0.801275  18.201982   3.613148 -0.00030990420356236115
 25100   0.779715  16.836403   3.283370 -0.00006444884574152709
 25200   0.788672  19.329211   3.812433 0.00028276545492733618
 25300   0.808256  19.624423   3.872742 -0.00017296645391784438
 25400   0.777724  16.088735   3.139189 -0.00001493921581019464
 25500   0.771549  16.821426   3.259150 -0.00024815024546898101
 25600   0.811044  21.997921   4.482862 -0.00007411344016095001
 25700   0.796552  20.902048   4.246989 -0.00011189396028399301
 25800   0.786878  17.458859   3.518107 -0.00005649871644708426
 25900   0.796265  19.136322   3.806843 -0.00047255990452432783
 26000   0.794485  20.678860   4.139339 -0.00041012666395001673
 26100   0.791854  15.117602   3.121722 -0.00026587461038429794
 26200   0.788115  17.022455   3.390878 0.00003101387121295929
 26300   0.791394  20.790351   4.125811 0.00015134651413184486
 26400   0.789488  19.662213   3.971072 -0.00009944497054581447
 26500   0.809369  21.395222   4.255051 0.00022783613367494127
 26600   0.802379  24.743551   4.999729 -0.00014295603401315304
 26700   0.776061  18.193287   3.620819 -0.00080384832870850076
 26800   0.788611  19.401626   3.898333 -0.00009110919339372359
 26900   0.792810  17.780308   3.619379 -0.00013689095186686373
 27000   0.798855  18.429076   3.642023 -0.00010865997491293911
 27100   0.786289  17.121029   3.347847 0.00008555983334535000
 27200   0.812543  20.575419   4.204211 -0.00013421577011563102
 27300   0.816095  26.304345   5.260276 0.00037015340031754107
 27400   0.821027  20.479030   4.123125 -0.00033480810429775687
 27500   0.810400  21.412563   4.291768 -0.00008837957587282119
 27600   0.829397  19.788476   4.027237 -0.00000491928774071226
 27700   0.786961  16.569188   3.259372 -0.00063085059875556126
 27800   0.797612  18.846869   3.731684 -0.00040279362284056930
 27900   0.802036  18.339922   3.711901 -0.00012534633853533705
 28000   0.798689  19.511180   3.963005 -0.00264262064278097952
 28100   0.815108  22.511089   4.490093 0.00069278260952465587
 28200   0.787257  19.195828   3.824401 -0.00047016586228920687
 28300   0.786514  17.793802   3.526058 -0.00000697003563621124
 28400   0.791358  16.644068   3.336335 -0.00009770136562092802
 28500   0.803586  22.746929   4.546193 -0.00000067666477843176
 28600   0.796744  18.212160   3.620501 -0.00027988304974879696
 28700   0.801163  18.987980   3.760345 -0.00020117695613697251
 28800   0.794594  20.070693   3.969697 -0.00053671168395164059
 28900   0.808738  23.035846   4.605496 -0.00007889165953489652
 29000   0.816998  23.539313   4.761405 -0.00003002989500000552
 29100   0.799609  18.666978   3.726358 -0.00126446384704115289
 29200   0.766618  16.800277   3.247979 0.00011732431327615700
 29300   0.800447  19.536750   3.900108 -0.00124068529407717065
 29400   0.785413  17.131100   3.410223 -0.00026403171349365095
 29500   0.797092  21.929521   4.352786 -0.00041031033851890442
 29600   0.780930  16.578660   3.289886 -0.00008148923135742336
 29700   0.775191  18.028631   3.520844 0.00010172585511902810
 29800   0.793441  20.536702   4.089054 0.00032104763917040202
 29900   0.796449  19.836613   3.990463 -0.00007980236736582214
 30000   0.822288  20.816763   4.219159 -0.00039928684758105959
 30100   0.816013  21.295819   4.253487 -0.00001674096963988347
 30200   0.795938  19.148715   3.814248 -0.00027739956067796001
 30300   0.780807  17.034910   3.347129 -0.00025946378680963278
 30400   0.816144  21.558130   4.341313 -0.00009715811242205774
 30500   0.795880  20.876026   4.149167 -0.00002817590676684745
 30600   0.803343  22.328054   4.455929 -0.00019566079108024326
 30700   0.811456  24.603245   4.907382 -0.00044474415718820381
 30800   0.789731  19.350404   3.804062 -0.00005110451387224657
 30900   0.807120  22.554584   4.529772 -0.00012221367709219777
 31000   0.774957  16.959359   3.389686 0.00000230915661081355
 31100   0.778668  17.185102   3.434924 0.00011432704524994008
 31200   0.801739  18.467765   3.746685 -0.00014054098744864518
 31300   0.817669  20.920012   4.252231 0.00005442671697597490
 31400   0.800088  19.539028   4.025668 0.00025466411892161034
 31500   0.797610  18.665266   3.682683 -0.00000363947152415278
 31600   0.787094  19.813541   3.869675 -0.00023588189853507302
 31700   0.811467  18.514674   3.720323 -0.00013388249681023368
 31800   0.808397  22.806797   4.531737 -0.00021795404506530502
 31900   0.787823  17.848986   3.577474 -0.00071646128204116977
 32000   0.806065  24.987207   5.069471 0.00019159700460669171
 32100   0.784746  20.022671   3.946490 -0.00003420860041947194
 32200   0.811806  18.773512   3.793179 -0.00000354178811168282
 32300   0.810643  19.991383   4.034672 -0.00012091072723752205
 32400   0.781059  17.254647   3.446192 -0.00047737478400300404
 32500   0.802084  20.692097   4.135214 -0.00002238312644031737
 32600   0.815163  20.221776   4.036742 -0.00016908543443783230
 32700   0.802077  21.237696   4.242359 -0.00063431466472696485
 32800   0.785026  16.991445   3.362038 -0.00050657427957689904
 32900   0.788343  17.408182   3.463408 -0.00023767296981125341
 33000   0.788708  15.811336   3.144006 -0.00005386742057300609
 33100   0.783104  18.109813   3.541096 -0.00043954817120406275
 33200   0.814123  21.515303   4.322396 -0.00010588054761218046
 33300   0.797422  16.602647   3.302324 -0.00225035336942580599
 33400   0.770295  17.129814   3.368524 0.00000248795839397076
 33500   0.796191  18.948597   3.773071 -0.00024524981477203056
 33600   0.803243  19.865875   4.028112 -0.00004878023656917918
 33700   0.803846  19.508693   3.873498 -0.00045411275006390639
 33800   0.792346  17.806145   3.551847 -0.00042590817876808629
 33900   0.803924  21.781278   4.331204 0.00000702559028020744
 34000   0.794183  18.246064   3.654355 -0.00022461275030272176
 34100   0.816082  21.478166   4.439033 -0.00020793723512824158
 34200   0.802188  17.400709   3.479613 -0.00001988443809475271
 34300   0.802480  19.105121   3.847175 -0.00002810156702359734
 34400   0.812081  20.734251   4.146055 0.00040993369818309588
 34500   0.794302  17.926120   3.581045 -0.00002237824814566025
 34600   0.810271  19.864071   4.002574 -0.00009409261448389827
 34700   0.798781  20.067262   4.024485 0.00004471111275083928
 34800   0.793155  18.916831   3.755654 0.00001093471423185832
 34900   0.797046  19.315946   3.847647 -0.00004511972507126316
 35000   0.790624  19.745894   3.953386 -0.00030581775240845488
 35100   0.796777  19.045703   3.841123 -0.00003164694077284480
 35200   0.804289  22.535668   4.506284 -0.00020909146959269265
 35300   0.824503  21.448741   4.338300 -0.00005718418071154474
 35400   0.816867  21.255840   4.309372 -0.00003892005848538105
 35500   0.772417  15.984781   3.193453 -0.00035172094096580508
 35600   0.800795  19.436484   3.905755 -0.00010461639075387552
 35700   0.787099  16.607800   3.312114 -0.00014190637147892815
 35800   0.808445  19.071252   3.847768 -0.00004350394756080789
 35900   0.806926  19.929247   4.057933 -0.00008390701240301723
