1000 
   100   0.738355   8.336275   1.250441 -0.00000000000000066613
   200   0.903960  18.414484   3.220679 -0.00185576936989839680
   300   0.655270  10.542821   2.143707 0.00000000000000222045
   400   0.893973  20.600929   4.981691 -0.01403401229331713296
   500   0.870921  29.696614   5.963781 -0.03493457594568738500
   600   0.992004  58.048819  11.773562 -0.12644607495877835390
   700   0.963355  38.779379   7.753287 -0.05798807428497454453
   800   0.782743  15.084964   2.696387 -0.00005027617864827860
   900   0.941180  20.360164   4.253012 -0.00000000000002664535
  1000   0.860320  18.037518   3.661616 0.00000000000005373479
  1100   0.730261   9.689141   1.788087 -0.00000000000003330669
  1200   0.935563  30.094390   6.243339 -0.00124743853107212033
  1300   0.879015  25.511864   5.237234 -0.00251051515102140854
  1400   0.851910  23.454099   4.594087 -0.01296861870424148577
  1500   0.953709  90.496979  19.512337 -0.03501051630816931493
  1600   0.909310  31.371362   6.340488 -0.07103390671205733753
  1700   0.900520  32.774852   6.148466 -0.02091770016956395750
  1800   0.839147  22.315684   4.163307 -0.02708212144063626425
  1900   0.846810  17.773748   3.375786 -0.00122589730333988456
  2000   0.915949  56.095997  11.267636 -0.06375542381359977639
  2100   0.926737  47.221698   9.728453 -0.00821125006272360736
  2200   0.955414  50.915158  10.089875 -0.00058342589857396376
  2300   0.958003  66.924994  13.933377 -0.00448062855492459278
  2400   0.975357  35.437828   7.913238 -0.00121064454720087866
  2500   0.853034  25.145755   5.249640 -0.00079393446004250023
  2600   0.877838  25.622160   5.213124 0.00000000000013056223
  2700   0.867384  26.678681   5.302703 -0.00338979043528198076
  2800   0.855124  31.735393   5.993790 -0.00193225904575466956
  2900   0.879083  19.554308   4.084556 -0.00161978525307038268
  3000   0.930215  42.377162   8.254031 -0.00951551212747858699
  3100   0.908319  67.751293  14.515535 -0.01821027544192332925
  3200   0.856086  24.214710   4.940319 -0.00099501074970032022
  3300   0.917340  53.532321  10.109942 -0.01253332629918091357
  3400   0.812742  21.180141   4.148816 0.00000000000026556535
  3500   0.889567  40.590392   8.122170 -0.03069976273833852076
  3600   0.921051  60.647732  12.364675 -0.00072415039581485985
  3700   0.905602  35.473103   7.247993 -0.00002429431518535807
  3800   0.932398  70.758618  14.188965 0.00000000000059152683
  3900   0.925812  32.423900   6.453560 -0.00627806649914575132
  4000   0.903600  51.448000  10.032085 -0.00027515343627904087
  4100   0.959791  65.314357  13.617361 -0.01900266210674850242
  4200   0.891742  54.160101  10.921379 -0.02669861236295112406
  4300   0.932042  75.168327  15.275971 -0.00242829300494662448
  4400   0.895702  42.990843   8.848629 -0.00357615493248530925
  4500   0.970335 115.981693  24.578768 -0.00935103060869479918
  4600   0.934371  57.460024  12.036979 -0.01713520147371028202
  4700   0.846232  34.949179   7.007926 -0.00421826299091421220
  4800   0.931855  52.575486  10.748463 -0.00760548784337267136
  4900   0.906417  29.758053   6.096827 -0.00053742834913883542
  5000   0.892122  46.936492   9.251249 -0.00462694663547225105
  5100   0.837503  24.629168   4.734435 -0.00788704518786609299
  5200   0.865748  30.670962   5.955754 -0.00149002415277443845
  5300   0.927181  39.172550   7.915778 -0.00003322387567550322
  5400   0.899600  36.689465   6.991381 -0.00000000000053912430
  5500   0.918820  33.521408   6.632367 -0.01096714283496691422
  5600   0.979734 168.300306  35.635772 -0.00782890841787065028
  5700   0.945620  42.946200   8.789220 -0.02605280182774905029
  5800   0.891299  44.496030   8.898547 -0.00065865595803415999
  5900   0.910549  49.545462   9.665564 0.00000000000026112446
  6000   0.920675  53.187280  10.857235 -0.00183470836057963993
  6100   0.905906  30.216497   6.290471 -0.01536501751688046369
  6200   0.883125  40.880581   8.129210 -0.00075070526580667263
  6300   0.839059  19.189502   3.758706 -0.00000000000029354297
  6400   0.850768  25.067328   4.896002 -0.00779410099623856212
  6500   0.871742  33.111238   6.521020 -0.00444056314476171110
  6600   0.862288  37.905713   7.499429 -0.01279437483751433291
  6700   0.883391  28.219064   5.680620 -0.00109946370021596351
  6800   0.908516  37.547371   7.576499 -0.00475733105842390813
  6900   0.855096  27.878940   5.239031 -0.00140181281940687796
  7000   0.854862  39.658804   7.410193 -0.00033791907868074844
  7100   0.854181  26.116804   5.246492 -0.00261743646346701553
  7200   0.918119  42.225721   8.819482 -0.00100190486554829761
  7300   0.882591  30.688290   6.108135 -0.00009564507941561828
  7400   0.876216  37.096018   7.282994 -0.00587259894862768306
  7500   0.925462  53.177250  10.833911 -0.00006714561685150500
  7600   0.877246  28.959337   5.511756 -0.00194915771833681362
  7700   0.879051  54.423720  10.828051 -0.00014920382404426391
  7800   0.876111  29.638859   5.787177 -0.00000000000055333516
  7900   0.872950  38.212821   7.437023 -0.00238438493517278971
  8000   0.876804  35.262655   6.981609 -0.00039681464747065576
  8100   0.890221  42.190349   8.542210 -0.00003331864456690425
  8200   0.872765  34.896314   7.038791 -0.00005107025487838257
  8300   0.912087  40.007517   8.057629 -0.00653673160740098069
  8400   0.826442  20.054889   3.869390 -0.00311381049466019633
  8500   0.854032  30.689665   6.119202 -0.00067808583791517663
  8600   0.876804  32.756574   6.475100 -0.00003667988753619511
  8700   0.880141  29.097499   5.764146 -0.00184155529475837909
  8800   0.922991  48.309578  10.006461 -0.00130758279840392788
  8900   0.864926  37.623776   7.268820 -0.00651938148109465487
  9000   0.910411  37.636521   7.759890 -0.00159742117290662122
  9100   0.834037  32.592705   6.258984 -0.00168063603609969192
  9200   0.871468  32.569639   6.424948 -0.00755618011358105690
  9300   0.911488  40.177207   7.970337 -0.00030230026984412461
  9400   0.846474  27.992839   5.399235 -0.00278728323520649468
  9500   0.869538  44.395128   8.714749 -0.00071582711728268578
  9600   0.951246  70.622302  14.525127 -0.00394035508616141783
  9700   0.900882  36.495852   7.313168 -0.00105265781668517633
  9800   0.896266  32.171460   6.466909 -0.00021134880620632401
  9900   0.911896  48.407612   9.817828 -0.00060476422243915806
 10000   0.890691  35.414155   7.212355 -0.00150796686905607658
 10100   0.932901  49.721822  10.136205 -0.00015470057761213241
 10200   0.896269  28.440866   5.841367 -0.00852873578162149926
 10300   0.916873  34.531438   7.068858 -0.00505780880671569122
 10400   0.890936  36.925061   7.384076 -0.00093589181151099154
 10500   0.839501  24.378950   4.870247 -0.00322113779589283666
 10600   0.854531  25.705156   5.014503 -0.00042792790404178049
 10700   0.838144  24.420194   4.737974 0.00000000000281374923
 10800   0.921081  63.709137  12.853891 -0.00001709936388039068
 10900   0.871656  32.334572   6.235447 -0.00304864919246927712
 11000   0.853081  22.187530   4.290238 -0.00002313720296065469
 11100   0.921429  67.847646  13.793290 -0.00239840742990260480
 11200   0.864105  30.846056   5.994495 -0.00120721306004778484
 11300   0.957396  82.067064  16.961011 -0.00435740266808792853
 11400   0.864700  28.148364   5.615876 -0.00885818448025776917
 11500   0.876005  35.861426   6.991419 0.00000000000276312306
 11600   0.908736  49.670833   9.775663 -0.00007033533823097571
 11700   0.932773  69.259335  14.088871 -0.01161869881179278252
 11800   0.870166  28.262785   5.507801 -0.00104672784404691299
 11900   0.933478  53.037364  11.190705 -0.00062451637690763562
 12000   0.919184  34.852948   7.072070 -0.00017375923410867244
 12100   0.889264  45.760142   8.913549 -0.00400555528454660248
 12200   0.947179  49.615024  10.430977 -0.00037837395138495822
 12300   0.927982  54.399402  11.317471 -0.00025859489203483577
 12400   0.892339  46.389354   9.482996 -0.00063391922450684035
 12500   0.879329  30.254856   6.057728 -0.00050397892261955235
 12600   0.897393  40.506471   8.104509 -0.00000000000243183251
 12700   0.903880  50.617294  10.222998 -0.00010110716902289596
 12800   0.935943  71.937190  14.733990 -0.00189351312028307461
 12900   0.844399  20.496105   4.057089 -0.00082250851106113743
 13000   0.921168  45.478469   9.315630 -0.00045976669344582888
 13100   0.875128  33.029588   6.702452 -0.00179828062254117071
 13200   0.867473  35.094109   6.930066 -0.00102025403685868099
 13300   0.915776  36.265343   7.362133 -0.00000460958525305699
 13400   0.851152  36.852979   7.425213 -0.00588800925596633107
 13500   0.917358  46.292066   9.367876 -0.00369515597033043264
 13600   0.923625  49.654833  10.129186 -0.00259079968209263711
 13700   0.948524  68.491594  14.202824 -0.00543199418846285198
 13800   0.902686  40.939315   8.137137 -0.00029332184895558555
 13900   0.867643  24.211423   4.774232 -0.00012128745729267365
 14000   0.894434  38.104448   7.665442 -0.00443867517493057306
 14100   0.889396  40.497621   8.056112 -0.00033000107532821232
 14200   0.860873  34.345218   6.858933 -0.00043622722898373212
 14300   0.976746 247.382624  51.594472 -0.00988955254319989763
 14400   0.872390  25.717270   5.091662 -0.00000000000016342483
 14500   0.889052  32.935118   6.459239 -0.00058676905844912142
 14600   0.915742  46.009957   9.252846 -0.00271852020451746057
 14700   0.896702  42.160803   8.224168 -0.00149021952151251469
 14800   0.902622  51.980881  10.476353 -0.00060431451877818176
 14900   0.860297  32.278290   6.298041 -0.00164173133192058174
 15000   0.907416  44.010182   8.872112 -0.00034048887359894309
 15100   0.900689  59.455677  11.997447 0.00000000000503774800
 15200   0.923307  45.157800   9.120666 -0.00002120792862037035
 15300   0.955178  71.638061  15.288468 -0.00368300617834016464
 15400   0.923280  50.423623  10.277133 -0.00077316489550760537
 15500   0.895325  44.381411   8.757565 -0.00132123322265975673
 15600   0.841830  23.798989   4.616609 -0.00131024339122642886
 15700   0.909240  37.178363   7.421428 -0.00003660303283936628
 15800   0.880369  26.474671   5.301089 -0.00054720957122533775
 15900   0.919249  69.522201  14.096885 -0.00431629842285197185
 16000   0.901138  34.835236   7.101809 -0.00022424660415953923
 16100   0.891340  28.912459   5.785569 -0.00051421197407552910
 16200   0.936266  63.728287  13.336730 -0.00293740694527677704
 16300   0.892249  41.513616   8.254731 -0.00214920532517481888
 16400   0.877512  27.623440   5.474921 -0.00092105170790546254
 16500   0.891156  36.391488   7.026866 0.00000000000131894495
 16600   0.899623  33.601348   6.766328 -0.00049740414820753642
 16700   0.909026  42.750807   8.484366 -0.00179684774417232518
 16800   0.875938  37.819169   7.333203 -0.00101451356496351508
 16900   0.883490  31.896053   6.445147 -0.00766989038751031416
 17000   0.864843  30.136421   5.977648 0.00000000000091038288
 17100   0.865147  38.343332   7.623561 -0.00025932773251913233
 17200   0.928863  52.248143  10.761176 -0.00133388141707158070
 17300   0.914901  54.396346  11.086793 0.00000000000416200407
 17400   0.895267  45.542075   9.050735 -0.00009784994847450434
 17500   0.915542  49.174720   9.983842 -0.00003121880870082805
 17600   0.914021  40.052540   8.184651 -0.00108699990067506747
 17700   0.925560  53.248543  10.892942 -0.00044646463657294078
 17800   0.918734  59.180667  11.891945 -0.00070901624184038781
 17900   0.886985  39.492041   7.710876 0.00000000000020428104
 18000   0.920867  48.334232   9.650621 -0.00011357214999563325
 18100   0.909691  33.318838   6.703859 -0.00040707580442322921
 18200   0.894977  33.292535   6.756731 -0.00055578587128302104
 18300   0.895589  35.130201   7.223705 -0.00006225466897102905
 18400   0.886777  34.291114   6.826676 -0.00172815330600517569
 18500   0.861946  30.715868   6.006756 -0.00027134704325604275
 18600   0.892166  43.365207   8.513340 -0.00116226980802558444
 18700   0.905847  45.335525   9.047145 -0.00056544886057885435
 18800   0.900477  44.078820   8.698358 -0.00017494463797973481
 18900   0.875307  30.103674   5.891554 -0.00016546099618164334
 19000   0.902044  43.631973   8.793466 -0.00182139897421684793
 19100   0.866069  25.837129   5.046769 -0.00026396876229117794
 19200   0.902683  37.632824   7.524594 -0.00001118054077675623
 19300   0.893071  38.681738   7.735106 -0.00124172767067864953
 19400   0.894386  33.182010   6.679162 -0.00000000000261657362
 19500   0.864110  27.558671   5.431063 -0.00011535791638372928
 19600   0.893297  35.884080   7.164761 -0.00107005569648954690
 19700   0.937756  71.153434  14.536975 -0.00071845604501064031
 19800   0.924028  75.844851  15.260239 -0.00066390696833451557
 19900   0.909254  46.485335   9.291947 -0.00044836010193449738
 20000   0.896274  35.305133   6.935693 -0.00000000000129851685
 20100   0.922122  78.289601  15.789698 -0.00065225765693099902
 20200   0.927548  52.139249  10.670297 -0.00018049109797146912
 20300   0.911524  64.587338  13.070014 -0.00017254323393522952
 20400   0.872207  31.210048   6.050424 -0.00034751023173118512
 20500   0.863392  32.630032   6.328182 -0.00045299014963617878
 20600   0.915896  43.762626   8.772938 -0.00083089571696426390
 20700   0.898624  40.456234   8.126729 -0.00165183650870837084
 20800   0.897486  39.600223   8.003345 -0.00046981064398110561
 20900   0.913436  47.438744   9.546312 -0.00045191623846640994
 21000   0.888657  44.670649   8.887256 -0.00007569464448131669
 21100   0.894198  33.457849   6.722410 -0.00087313731556193375
 21200   0.905384  36.486898   7.426427 -0.00003325751620320005
 21300   0.899608  44.544017   8.830758 -0.00066880715368888843
 21400   0.882731  48.968140   9.760246 -0.00134707362326835778
 21500   0.918424  49.065564  10.104929 -0.00029541353246642643
 21600   0.906904  44.682770   9.006734 -0.00015444144930931714
 21700   0.842402  27.401922   5.265715 -0.00000000000142907908
 21800   0.903479  42.911747   8.622798 -0.00088887857943653614
 21900   0.919778  53.281090  10.740614 -0.00075679305646225714
 22000   0.895719  41.631107   8.262645 -0.00112975105346890814
 22100   0.890445  42.151332   8.474129 -0.00000498827201411700
 22200   0.874151  28.107995   5.669712 0.00000000000319744231
 22300   0.891098  38.742981   7.806028 -0.00163826402237976509
 22400   0.916255  42.243068   8.531078 -0.00051281634022792844
 22500   0.861973  31.385783   6.036937 -0.00029247238097074302
 22600   0.911435  41.474888   8.273607 -0.00118371298955466386
 22700   0.914229  45.399579   9.265848 -0.00006629169824279302
 22800   0.923657  68.082014  13.543247 -0.00149053025383771853
 22900   0.868468  34.267109   6.715036 -0.00071928447661839812
 23000   0.920671  57.111460  11.569211 -0.00206700008729931994
 23100   0.880612  33.676708   6.669722 -0.00001546618012415735
 23200   0.898358  38.726697   7.860452 -0.00006602676647471384
 23300   0.908846  34.959654   6.999222 -0.00021084922296132902
 23400   0.879571  32.635941   6.506519 -0.00114311274019307518
 23500   0.896470  41.692230   8.247767 -0.00019772937943862701
 23600   0.915271  54.296674  11.116377 -0.00523856323976978899
 23700   0.894789  44.289962   8.901223 -0.00348880507184645694
 23800   0.873512  37.257008   7.357168 -0.00030804628183034310
 23900   0.899046  44.521331   8.727180 -0.00011845716889524738
 24000   0.883326  33.456922   6.734349 -0.00025022832491039537
 24100   0.915366  48.443568   9.754590 -0.00045721594212011496
 24200   0.917104  52.553144  10.688477 -0.00022397455862410709
 24300   0.911933  49.766969  10.050597 -0.00110221902695073481
 24400   0.877082  37.006265   7.350131 -0.00258879600547690103
 24500   0.914487  53.206216  10.775869 -0.00001802398983308251
 24600   0.878779  29.034870   5.876742 -0.00577033691791051240
 24700   0.887431  48.113776   9.595583 -0.00184931860922432634
 24800   0.866358  33.162244   6.541343 -0.00418814704009928818
 24900   0.906202  38.293270   7.527934 -0.00000000000332800454
 25000   0.887753  38.635086   7.617197 -0.00009701434679598719
 25100   0.927997 105.548346  21.376576 -0.00222070331237489427
 25200   0.943718  76.207948  15.560922 -0.00122455151518074956
 25300   0.862228  34.181079   6.577851 -0.00031839887661266886
 25400   0.896928  57.606262  11.367031 -0.00000000000367172959
 25500   0.889409  37.260461   7.272146 -0.00021982468171533043
 25600   0.915822  50.489661  10.259891 -0.00370986093753877810
 25700   0.923295  61.786412  12.758760 -0.00001387139629116518
 25800   0.912603  51.214741  10.389179 -0.00066384384026818566
 25900   0.897342  39.786706   8.053765 -0.00035457220404921941
 26000   0.894946  62.739457  12.405521 -0.00000000000302158298
 26100   0.904224  52.153955  10.826937 -0.00150327769882352413
 26200   0.925511  52.661277  10.664574 -0.00034006593227609017
 26300   0.873691  37.756024   7.529104 -0.00056734254105883508
 26400   0.887232  36.667887   7.357035 -0.00015475592938951621
 26500   0.869160  71.432939  13.960272 -0.00014987111297593003
 26600   0.909707  44.082773   8.982119 -0.00016061701752434487
 26700   0.919607  84.973461  17.201338 -0.00021809358788615896
 26800   0.881734  35.331146   7.039174 -0.00068867048796406038
 26900   0.928359  55.723212  11.662401 -0.00011479178240136889
 27000   0.907266  38.176163   7.592068 -0.00074663989592327340
 27100   0.913215  57.257739  11.412028 -0.00360142541922492398
 27200   0.893796  32.639833   6.565774 -0.00059239739064409491
 27300   0.914809  48.351484   9.664111 -0.00087246374331684251
 27400   0.908375  43.244341   8.617191 -0.00011239859612643954
 27500   0.907537  43.329932   8.733545 -0.00019355088046424385
 27600   0.889720  35.661412   7.030160 -0.00004795654113998182
 27700   0.871907  34.504764   6.772190 -0.00045950469569788766
 27800   0.903620  52.816509  10.433954 -0.00205580964790286203
 27900   0.902311  45.924728   9.362680 -0.00003879938733142296
 28000   0.865675  32.366982   6.376295 0.00000000000397193389
 28100   0.904215  45.703214   9.203978 -0.00009642714149649123
 28200   0.910025  44.369118   8.866728 -0.00237547988391639819
 28300   0.923224 111.988308  22.654877 -0.00000114307611909226
 28400   0.868734  27.298274   5.453655 -0.00023294008583274461
 28500   0.888108  30.116851   5.942089 -0.00096960990522187984
 28600   0.891659  41.014744   8.136792 -0.00018862578177092360
 28700   0.919293  55.774682  11.257451 -0.00048377180458736291
 28800   0.888924  35.604453   6.961551 -0.00109734417968088138
 28900   0.913888  60.969594  12.248744 -0.00002669088052797974
 29000   0.945577  76.479641  15.697144 -0.00228009777100091071
 29100   0.919304  51.046392  10.342496 -0.00009887465322933053
 29200   0.869282  28.713896   5.575148 -0.00046159593531758247
 29300   0.901912  39.826441   7.929761 -0.00018653997902973174
 29400   0.896745  42.290849   8.475431 -0.00000000000268940425
 29500   0.901315  38.719232   7.733718 -0.00094077664858449594
 29600   0.897772  35.616182   7.122948 -0.00028861420651882241
 29700   0.907802  51.761366  10.298246 0.00000000000818367596
 29800   0.909794  47.053128   9.446382 -0.00055963301293715517
 29900   0.870676  38.292235   7.629651 -0.00574368716896156428
 30000   0.880899  38.757973   7.702501 0.00000000000760014274
 30100   0.894735  43.490011   8.511560 -0.00005606971253513393
 30200   0.850215  30.796613   5.992653 -0.00044937348798956833
 30300   0.915330  52.738463  10.627033 -0.00246464042385419191
 30400   0.901392  44.277850   8.828878 -0.00193149587488150587
 30500   0.897974  37.043802   7.352636 -0.00025510164755804254
 30600   0.915963  59.547301  12.045571 -0.00010899810692599488
 30700   0.893675  35.469002   7.020351 -0.00066324032660958210
 30800   0.920715  49.880976   9.946944 -0.00010015880309666159
 30900   0.907813  49.338069   9.891563 -0.00000102654143496750
 31000   0.898572  38.079926   7.713007 -0.00002084593671813906
 31100   0.894575  47.148967   9.526820 -0.00000000000490274488
 31200   0.891420  37.861539   7.634639 -0.00077129452140578536
 31300   0.890693  35.586919   7.128143 -0.00061053175854919317
 31400   0.915183  44.953400   9.239725 -0.00005964473593778052
 31500   0.909726  42.223665   8.535691 -0.00019124393416802832
 31600   0.925630  56.048268  11.107469 -0.00108458449989612404
 31700   0.890183  31.497011   6.300396 0.00000000000035083048
 31800   0.916567  44.463988   8.800514 -0.00000000000747490958
 31900   0.937374  64.150165  13.243921 -0.00238384844917227667
 32000   0.889941  41.912720   8.435122 -0.00112255395449700757
 32100   0.899334  41.547744   8.272473 -0.00212910304340319101
 32200   0.907515  38.305604   7.655100 -0.00007224531019378588
 32300   0.901155  49.165541   9.959026 -0.00042099202401502112
 32400   0.922073  62.002083  12.656324 -0.00052078370362984572
 32500   0.882610  29.861804   5.909278 -0.00060304293601909364
 32600   0.895196  40.637526   8.036485 -0.00002181540271095628
 32700   0.898250  35.363866   7.051081 -0.00114469759736479659
 32800   0.907447  51.758328  10.370119 -0.00048230833931661721
 32900   0.915839  47.497574   9.578679 -0.00023910673310290065
 33000   0.892659  39.806210   7.941923 -0.00001879400927151664
 33100   0.896791  37.086146   7.331891 -0.00130578380630463897
 33200   0.872408  30.620340   6.006812 -0.00012360887428908285
 33300   0.892044  36.442125   7.235326 -0.00056932449424440534
 33400   0.878674  33.295469   6.578318 -0.00002936618234539168
 33500   0.898257  38.386928   7.657714 -0.00019166050380636790
 33600   0.893612  56.440326  11.373685 -0.00004845689325883029
 33700   0.887918  42.167152   8.284515 -0.00001637490544759146
 33800   0.913041  66.640454  13.519304 -0.00003275821350179342
 33900   0.909154  43.382643   8.592049 -0.00001827592753755880
 34000   0.895142  43.697577   8.770028 -0.00033271208542551278
 34100   0.921254  50.834299  10.557346 -0.00008814733351236725
 34200   0.877176  33.143620   6.543238 -0.00020434298606630819
 34300   0.875906  31.505283   6.225472 -0.00026559110698887167
 34400   0.876684  33.226515   6.522635 0.00000000001493827284
 34500   0.901833  45.175128   9.064919 -0.00022291348931169352
 34600   0.880475  35.256863   6.970856 -0.00001642940178925301
 34700   0.874105  35.632415   7.059723 -0.00001386468297059906
 34800   0.892552  39.449557   7.838899 0.00000000000218935980
 34900   0.894258  33.803359   6.758735 0.00000000001467981292
 35000   0.894003  37.857844   7.562944 -0.00213480323071024713
 35100   0.891110  39.367585   7.893553 -0.00015252794019549043
 35200   0.907366  50.654817  10.174135 -0.00000042514449383191
 35300   0.900659  52.890454  10.525531 -0.00011902637444194397
 35400   0.893670  43.481513   8.724553 0.00000000001154631946
 35500   0.896707  41.601743   8.390541 -0.00012070600688041111
 35600   0.884855  33.398036   6.669976 -0.00024980730329193790
 35700   0.888097  37.637391   7.508742 -0.00186772924657319095
 35800   0.892469  41.071190   8.206207 0.00000000000310862447
 35900   0.910477  39.287438   8.046641 -0.00017014421294447857
 36000   0.892724  47.501200   9.538448 -0.00005674784991782644
