1000 
   100   0.780963   9.036810   1.460724 0.01483477055084225782
   200   0.439244   4.995291   0.659640 -0.01472430280829262195
   300   0.724401  11.550122   2.263716 -0.00780783893482661639
   400   0.909984  34.930516   8.190702 -0.10529551025127759090
   500   0.889968  33.593011   7.187672 -0.20279003549948271257
   600   0.923539  49.831290   9.772121 -0.02803253304699815374
   700   0.953989  70.090092  15.090714 -0.02871980320663780617
   800   0.925092  36.408173   7.117701 -0.02740334871864025246
   900   0.895980  28.322467   5.714596 -0.01283621163635739748
  1000   0.863098  26.896993   5.454545 -0.00554463742551813965
  1100   0.919619  33.213629   6.732047 -0.00126180220877891713
  1200   0.909851  60.161208  12.035488 0.00324666946108997934
  1300   0.850033  23.764944   4.510802 -0.00453732344648560826
  1400   0.880188  19.845449   3.930538 -0.01020065713719287004
  1500   0.940093  65.520277  13.748408 -0.05452997987431729143
  1600   0.835465  30.068804   5.799483 -0.00755454644031328115
  1700   0.937777  65.293040  12.366529 -0.00074090053374042952
  1800   0.910144  28.713253   5.520944 0.00161895755617003090
  1900   0.897547  25.515627   4.799238 -0.00844339486518475013
  2000   0.962580  78.600680  15.837131 -0.00090622199650347568
  2100   0.928505  44.833972   8.915435 -0.00866078260673042166
  2200   0.943152  38.893309   7.442495 -0.00027004359259752420
  2300   0.886260  35.528918   6.728871 -0.00617630752160103214
  2400   0.977805  89.000222  19.430305 -0.03849324769545603431
  2500   0.890317  23.930485   5.033891 -0.00108300877395262063
  2600   0.901315  33.602120   6.789819 -0.00814787878038369939
  2700   0.952830 107.251276  22.177953 -0.06675561616838265877
  2800   0.945684  67.711568  13.178266 -0.00130732604510797046
  2900   0.930796  31.603902   6.515048 -0.00189450321993245296
  3000   0.921241  73.331257  14.232373 -0.04277844329998181649
  3100   0.921970  37.871969   7.786644 -0.00765140164387556609
  3200   0.975848  73.423218  15.627385 -0.02093866254265819293
  3300   0.898799  27.460221   5.232880 -0.00120424175133670985
  3400   0.911982  42.250460   8.168988 -0.00771905569948572179
  3500   0.924446  62.803727  12.677642 -0.00871109244519985282
  3600   0.983359  82.073672  16.663377 -0.04773415751663279138
  3700   0.979321 150.907990  32.295613 -0.08842630314262578395
  3800   0.971248  70.100941  14.220871 -0.11292708662207928683
  3900   0.884293  49.021212   9.271949 -0.01694255021195623101
  4000   0.915504  57.242442  10.978819 0.00258074184361056780
  4100   0.977478 125.587379  25.930698 -0.04444769071617216127
  4200   0.976417  60.975470  12.697332 -0.00589136295572600943
  4300   0.865201  26.485960   4.987627 -0.00158914226574680129
  4400   0.906038  40.476021   8.039360 -0.00065004016040326462
  4500   0.906841  42.061489   8.356053 -0.00016321051103318496
  4600   0.980150  98.897420  20.249333 -0.00313833817945408100
  4700   0.969346  87.404596  18.757253 -0.02543665215921819822
  4800   0.900741  45.693512   8.979124 -0.01678631601980562493
  4900   0.996422 200.226706  42.711666 -0.03060647144113204376
  5000   0.877813  29.248306   5.614792 -0.00088239942859136278
  5100   0.962610  99.530400  20.313356 -0.00255503211688790088
  5200   0.857918  32.061926   6.130263 -0.01082928021968587728
  5300   0.961014  65.683921  13.115772 -0.00861882568777261326
  5400   0.962415  48.198606   9.433578 -0.00085292398003211645
  5500   0.938356  91.546204  17.305244 -0.00531099736024387425
  5600   0.970604 162.504943  33.916196 -0.06474801136050700734
  5700   0.838701  19.140727   3.556967 0.00082119058812324397
  5800   1.000000 138.969387  28.977200 -0.01468899890423713828
  5900   0.906136  57.448208  11.234796 -0.00168378631101617771
  6000   0.979536 131.357427  26.436826 -0.03169500825831050861
  6100   0.933385  42.837589   9.007033 -0.00992846501867283848
  6200   0.890182  34.469734   6.649857 0.00053464799461799828
  6300   0.931573  54.888004  11.047719 0.00041900706533226639
  6400   0.901345  34.948887   6.813767 -0.00126635464163094014
  6500   0.936019  47.763144   9.624981 -0.00112995336226973109
  6600   0.905981  34.140307   6.787421 -0.00443095546155447551
  6700   0.896335  29.507417   5.716713 0.00020097039510424963
  6800   0.904808  38.588234   7.663536 -0.00303835119180018154
  6900   0.884204  30.783405   5.853908 -0.00386162929679922939
  7000   0.962049  73.044617  14.245621 -0.00851381621215807627
  7100   0.866938  40.436969   7.751322 -0.00004617909465842729
  7200   0.956436  45.225738   9.432810 -0.00178190147719625713
  7300   0.930230  46.083994   9.209721 -0.01339099120349551697
  7400   0.910978  47.222808   9.448942 -0.01476394422813775975
  7500   0.944022  69.832061  13.872640 -0.00066248074648633803
  7600   0.890771  49.768907   9.593533 -0.00007887698103203888
  7700   0.944211  66.684919  13.093615 -0.00953820354340884080
  7800   0.915319  43.061164   8.417751 -0.00125903245488423465
  7900   0.934803  47.243383   9.417195 -0.00158053097737820281
  8000   0.912344  41.316658   8.020311 -0.00028553174874446086
  8100   0.939442  55.397866  11.260609 -0.00362335300552452111
  8200   0.876142  31.141572   6.055955 -0.00146057894010365175
  8300   0.929741  33.570919   6.676185 -0.00159617757387309211
  8400   0.987504 167.033257  34.498304 -0.00201745185155743911
  8500   0.880811  28.038757   5.528020 -0.00056304588113853526
  8600   0.964205  96.529242  19.762395 -0.00365048213722118930
  8700   0.934606  44.129955   8.883368 -0.00349230185799775938
  8800   0.964805  77.407222  15.391158 -0.00232354283790492389
  8900   0.947432  66.541719  13.688066 -0.01653769133631044497
  9000   0.893400  41.288779   7.936413 -0.01397098133871388370
  9100   0.926127  42.983782   8.634325 -0.00021955555159891560
  9200   0.960221 102.945789  20.815921 -0.00822152912911278122
  9300   0.918890  46.951337   9.211764 -0.00180450951276789340
  9400   0.922878  51.208089   9.941413 -0.00058257897358160449
  9500   0.913285  40.507302   7.887397 -0.00086753333617473061
  9600   0.964761 124.233518  25.232329 -0.00260436357845250654
  9700   0.960411 212.398928  42.501450 -0.00023275367448860607
  9800   0.935994  44.982605   9.041994 -0.00042783349848285468
  9900   0.927717  55.805270  11.126358 -0.00087437169615078858
 10000   0.949621 108.603283  22.033144 -0.00246181416616408910
 10100   0.990581 157.089816  32.813547 -0.00422662574761289989
 10200   0.971805 154.306834  31.820505 -0.02418968335976501294
 10300   0.936767  82.326435  16.878488 -0.01841381585627033246
 10400   0.929498  63.421782  12.574186 -0.00650042812830697869
 10500   0.927820  53.512807  10.880815 -0.00012238487617288740
 10600   0.902169  44.345413   8.650390 -0.00114957671360471636
 10700   0.919566  67.463793  13.524086 -0.00019736659838009984
 10800   0.954076  66.947455  13.307146 -0.00176039175849851404
 10900   0.905554  29.072938   5.656080 -0.00114027280568151923
 11000   0.904788  42.822199   8.257467 0.00056794560134143524
 11100   0.986359 212.784749  43.150608 -0.00060502722524091723
 11200   0.928660  60.354689  11.821919 -0.00113341673287514766
 11300   0.953552  62.353888  12.489198 -0.01468752331616762774
 11400   0.976815 150.039270  31.270248 -0.00109456421154163763
 11500   0.901067  38.529213   7.469662 -0.00165447552917807883
 11600   0.994268 257.680749  52.511475 -0.00208482929851783183
 11700   0.909637  54.904063  10.667203 -0.00389474184597737860
 11800   0.963741  86.269028  17.390525 -0.00218842015640063892
 11900   0.952660 116.422750  23.831887 -0.00053454293584564994
 12000   0.981464 142.955240  29.280141 -0.00185721346325351533
 12100   0.958556  94.696453  19.034236 0.00103132466849586990
 12200   0.928466  72.522237  14.504888 0.00044087835457773394
 12300   0.948385 122.512947  24.980063 -0.00062541959195172581
 12400   0.932014  54.086216  11.092765 -0.01235680479518030950
 12500   0.965916 118.976755  24.544427 -0.00285711873869587407
 12600   0.965327 122.681198  24.740528 -0.00018055221214652306
 12700   0.941476  99.786218  19.910017 -0.00008326544093506527
 12800   0.934174  55.301824  11.249999 -0.00046582228752001242
 12900   0.909028  44.970046   8.743242 0.00022825971481132967
 13000   0.933562  47.341020   9.680911 -0.00214818870831301467
 13100   0.926116  51.951138  10.544566 -0.02015359664296667574
 13200   0.948254  84.786854  17.156431 -0.00006015054820807109
 13300   0.930356  57.425161  11.285398 -0.00102061663258190549
 13400   0.936549  86.920686  18.073483 -0.02418252401238873972
 13500   0.952806 102.959231  20.535994 -0.00246565679003651894
 13600   0.969686 102.991252  20.937782 -0.00124823023276476874
 13700   0.934021  45.808933   9.184204 -0.00098810088784695438
 13800   0.984535 128.115689  25.733535 -0.00100749748322215282
 13900   0.922714  55.458834  10.952112 -0.00400012706845664923
 14000   0.957274 106.685231  21.810940 -0.01381023901238265239
 14100   0.944918  60.469005  12.262472 -0.00287233993838853507
 14200   0.935393  51.822910  10.437107 -0.00046466998974104001
 14300   0.943855  92.982301  18.636526 -0.00545048149746918398
 14400   0.988523 224.496659  46.525475 -0.01081188357929363519
 14500   0.935689  62.134513  12.219309 -0.00190745170218420412
 14600   0.969933  84.817214  17.025464 -0.00769156197926790242
 14700   0.944233  52.744244  10.282997 -0.00033638353395737397
 14800   0.965915  74.353594  15.136796 -0.00018863382039668863
 14900   0.923320  37.595996   7.421252 -0.00458788086056749478
 15000   0.942343  50.358302  10.048582 0.00042215928264610625
 15100   0.947594  86.529717  17.280364 -0.00265769802726367743
 15200   0.955939  92.848982  18.799016 -0.00901143127477155303
 15300   0.950005  60.834968  12.522873 -0.01390177605253128945
 15400   0.975968 256.977150  52.311174 -0.00203100839242864595
 15500   0.940253  53.217482  10.571175 -0.00022067086537624903
 15600   0.966147 118.629153  24.027032 -0.00297583613413010539
 15700   0.989266 154.450285  31.568608 -0.00024307813185231453
 15800   0.922496  37.436863   7.456133 -0.00043682159702740364
 15900   0.928279  53.967515  10.666029 -0.00188969925257609361
 16000   0.975916 178.920536  37.110762 -0.01524917328372765724
 16100   0.909128  41.915445   8.280844 -0.00071113165502900699
 16200   0.938699  82.935767  16.861414 -0.01755095002481255051
 16300   0.946953  78.973440  16.117951 -0.00135225826068108290
 16400   0.959595  67.449683  13.493268 -0.00489416738432701948
 16500   0.945330  64.348717  12.530360 -0.00009036004930784713
 16600   0.944737  51.139996  10.160114 -0.00010962707687767193
 16700   0.939618  54.945635  10.886849 -0.00028292031839782794
 16800   0.921283  54.471035  10.497063 -0.00158025032481745598
 16900   0.965206 127.216477  26.052988 -0.00004335728572613107
 17000   0.939748  37.763829   7.625665 -0.00485025005157346811
 17100   0.931655  67.470823  13.567027 -0.00210560648956281682
 17200   0.923464  38.634888   7.708038 -0.00321570746240151806
 17300   0.971386  88.195185  18.036282 -0.00039748119842641927
 17400   0.918622  56.444059  11.191079 -0.00041560356555869760
 17500   0.949947 101.894189  20.354079 -0.00146890110853092892
 17600   0.929071  62.394815  12.545480 -0.00793129685207638602
 17700   0.934255  67.184092  13.466903 -0.00028149350763939651
 17800   0.969935  89.212057  18.249708 -0.00368011268905021893
 17900   0.926177  48.602524   9.353661 -0.00028848097505473902
 18000   0.962061  75.356486  15.254184 -0.00131820402159910088
 18100   0.961585 100.886287  19.915036 -0.00025144686857103693
 18200   0.933492  49.882109  10.001896 -0.00193336396575283231
 18300   0.954156 111.949438  23.062736 -0.00007143877790838360
 18400   0.932079  51.071983  10.215715 -0.00145704896566556386
 18500   0.937142  53.692843  10.595556 -0.00079902049237112749
 18600   0.956528  79.645538  15.982922 -0.00185201006712354399
 18700   0.971775 104.770994  21.044830 -0.00461519658343334527
 18800   0.919327  58.487272  11.391987 -0.00058737073304548915
 18900   0.936828  45.901623   9.128972 -0.00035076206632567164
 19000   0.915370  78.056449  15.315395 -0.00010246069741093322
 19100   0.959630  67.560915  13.479483 -0.00086489570553638373
 19200   0.940603  72.416836  14.401597 -0.00256397824206366920
 19300   0.910348  52.298667  10.353813 -0.00023946974245525610
 19400   0.935858  72.016464  14.315072 -0.00655263602762801156
 19500   0.932949  97.931418  19.616312 -0.00010397664273043006
 19600   0.935065  67.755196  13.490593 -0.00167857087058820298
 19700   0.957773  82.361802  16.730327 -0.00124340025826796818
 19800   0.969285  96.542858  19.298351 -0.00046852298062560749
 19900   0.944202  79.414627  15.667143 -0.00028525853099203857
 20000   0.939451  96.274755  19.018999 -0.00007901514654662378
 20100   0.933106  59.216583  11.698761 -0.00019680498352769860
 20200   0.955762  71.618618  14.503478 -0.00106487551608935860
 20300   0.958428 106.322914  21.233126 -0.00003127911454825494
 20400   0.949954  54.391617  10.912938 -0.00004656530774305168
 20500   0.921315  48.737741   9.311700 -0.00077498758798810741
 20600   0.917979  42.952735   8.456886 -0.00021547525727605432
 20700   0.961972 129.983348  26.486207 -0.00025463187087737538
 20800   0.989561 316.888054  64.733162 -0.00036440748307597914
 20900   0.931057  79.121892  15.691859 -0.00001840872774394597
 21000   0.937300  64.954558  12.940917 -0.00050510154265914764
 21100   0.936762  81.512926  16.207984 -0.00188471146244140186
 21200   0.933499  58.161575  11.748263 -0.00202130523674348694
 21300   0.950986  70.295542  14.053759 -0.00204900385185524669
 21400   0.936408  73.205926  14.602901 -0.00065502990137034089
 21500   0.932587  59.936190  12.123167 -0.00066966104899002232
 21600   0.918469  43.783297   8.672787 -0.00076573957633563339
 21700   0.945401  93.988363  18.798456 -0.00354788119227222865
 21800   0.939968 100.619680  19.939269 -0.00004394758488501793
 21900   0.939434  72.694955  14.337431 -0.00239534438730260035
 22000   0.946108  85.033789  16.901531 -0.00086669734426081391
 22100   0.935507  70.850625  14.185826 -0.00032906215784223036
 22200   0.930363  79.893987  16.121868 -0.00088270964217329606
 22300   0.950347  81.529447  16.773592 -0.00026911531400131139
 22400   0.957990  71.395860  14.356590 -0.00226531315185241056
 22500   0.956091  64.902455  12.746448 -0.00039367902785159004
 22600   0.918448  58.802335  11.424023 -0.00600666346699796350
 22700   0.939806  74.758017  14.955047 0.00014992670558910959
 22800   0.959238  89.328562  18.001243 -0.00159625285211717483
 22900   0.944365  74.700492  14.697677 -0.00429314940450886695
 23000   0.971861 156.805635  31.856162 -0.00947007840785829558
 23100   0.954620  72.101308  14.509228 -0.00155020118625159853
 23200   0.940496  74.177647  14.934581 -0.00006485191185490180
 23300   0.953334 149.015231  30.007740 0.00003801843237027924
 23400   0.969110  91.295195  18.708774 -0.00283992557627854580
 23500   0.943404 108.562438  21.346102 -0.00143136241580776868
 23600   0.942759  57.654707  11.556325 -0.00148927511420993142
 23700   0.952370  97.220486  19.489092 -0.00012881831065669758
 23800   0.930384  67.071861  13.313004 0.00008498240075383023
 23900   0.880915  32.272242   6.187059 -0.00137977464785521420
 24000   0.965594 213.703170  43.968138 -0.00128920433484580599
 24100   0.967647 128.245770  26.035638 -0.00197788728078762688
 24200   0.973486 133.245485  27.016099 -0.04044331487492769384
 24300   0.925248  48.304227   9.545228 -0.00032314986448866989
 24400   0.978281 236.998317  48.918049 -0.00656254922821375430
 24500   0.958844 128.441957  26.157889 -0.00232975790997613785
 24600   0.960173  86.555675  17.624123 -0.00016019828153801541
 24700   0.957388 105.391545  21.342801 -0.00858764344186724315
 24800   0.959042  94.327933  19.137985 -0.00145719776022446013
 24900   0.953146  96.093624  18.952269 -0.00017229822375597337
 25000   0.949781  75.602564  15.029725 -0.00006429427681275968
 25100   0.931860  55.684196  10.883220 -0.00292944282509211007
 25200   0.962968 261.815962  52.891874 -0.00118401365111253654
 25300   0.942491  84.322693  16.626810 -0.00442495210236515391
 25400   0.924435  43.089609   8.390779 -0.00321280086918740437
 25500   0.951282  66.657286  13.085943 -0.00241079639882002539
 25600   0.928971  78.696928  15.580852 -0.00175483217706151606
 25700   0.943184  64.036714  12.883249 -0.00133661898301973281
 25800   0.925025  47.784767   9.686579 -0.00002274522967304904
 25900   0.921569  46.857716   9.325553 -0.00437933657134870202
 26000   0.955709 175.051209  34.854211 -0.00117800760014574735
 26100   0.939308 114.561817  23.180028 -0.00008547763841448841
 26200   0.956877 130.824025  27.086851 -0.00171182412655923599
 26300   0.961314  72.223121  14.653301 -0.00002844606293805896
 26400   0.936463  73.935575  14.807629 -0.00749152150901011282
 26500   0.936765  49.781512   9.793962 -0.00078512475631598022
 26600   0.952074  82.808642  16.750028 -0.01093938874605271394
 26700   0.938908  56.996688  11.428560 -0.00066354528881440444
 26800   0.944662  77.808244  15.680727 0.00004355837048741762
 26900   0.963025 108.813588  22.263787 -0.00052483925197321923
 27000   0.963443 100.904672  20.569388 -0.00395336994947470544
 27100   0.935703  72.520847  14.231789 -0.00209944692227637120
 27200   0.964669  90.637274  18.150495 -0.00028559131178340635
 27300   0.938791  58.717020  11.716171 -0.00142379942789361280
 27400   0.954707 110.113013  21.797248 -0.00030650805596366126
 27500   0.983871 171.992506  35.267151 -0.00069376711284974135
 27600   0.968004 173.113443  34.603723 -0.00014943729799909988
 27700   0.937402  49.984534  10.005774 -0.00015502560399838217
 27800   0.980987 325.835894  65.563240 -0.00244350791606962048
 27900   0.941525  65.387955  13.041760 -0.00067639618557358006
 28000   0.956652 125.921859  25.395579 -0.00016119444177675746
 28100   0.971551 121.976527  24.846354 -0.00039426018084753878
 28200   0.918879  51.052441  10.044921 -0.00806485436201143102
 28300   0.968285 165.828726  33.809707 -0.03576016397857983975
 28400   0.934434  64.510799  12.868916 -0.00144281279866476098
 28500   0.928111  81.837925  16.074162 -0.00052907078507047345
 28600   0.963185  83.884585  16.918984 -0.00458391090311494054
 28700   0.926700  51.578371  10.249088 -0.00009120392094708052
 28800   0.961214 104.376682  20.570639 -0.00026590613101973304
 28900   0.954877  87.089787  17.445002 -0.00007646756447243774
 29000   0.935982  58.358983  11.511493 -0.00333815558683348002
 29100   0.967430  90.867545  18.528262 -0.00746846453828808876
 29200   0.976345  98.463088  19.793159 -0.00061918828365037371
 29300   0.936348  59.008551  11.642282 -0.00032651895486424110
 29400   0.901917  42.019363   8.192039 -0.00030714162813083590
 29500   0.963647 118.299110  23.836212 -0.00005631673355566136
 29600   0.947138  81.795568  16.372108 -0.00082230675127448194
 29700   0.951723  71.787103  14.299843 -0.00198526503005602706
 29800   0.948334  64.350001  12.692744 -0.00018554366044298831
 29900   0.963429  99.511357  20.288444 -0.00654751505599193706
 30000   0.950717  87.118231  17.600429 -0.00035754261229570261
 30100   0.946251  95.782166  18.920586 -0.00036983651343192037
 30200   0.940264  72.419522  14.401962 -0.00041082970147243714
 30300   0.916262  42.524266   8.344859 -0.00000177167272852330
 30400   0.930823  72.114992  14.101661 -0.00108957816468446822
 30500   0.946722 107.326811  21.390084 -0.00138160512743823460
 30600   0.939898  76.634571  15.311575 -0.00031241350849242622
 30700   0.964260  92.707386  18.559566 -0.00003022716781941881
 30800   0.981688 159.925787  32.040382 -0.00189128335469490594
 30900   0.943244  81.323350  16.112217 -0.00243873476099309983
 31000   0.938327  49.027404   9.867144 -0.00001615499982143831
 31100   0.937652  58.598414  11.859687 -0.00319414407002227563
 31200   0.946618  60.421746  12.217776 -0.00019791658722745353
 31300   0.908583  47.795280   9.482679 -0.00002677688986629789
 31400   0.944755  72.157046  14.767973 -0.00124169170628185555
 31500   0.969155 117.709810  23.900537 -0.00015939900509209792
 31600   0.922831  64.909892  12.484482 -0.00245569907091969242
 31700   0.949919  65.845030  13.258241 -0.00008137553843745593
 31800   0.950028  75.963426  14.914170 -0.00141606194886279013
 31900   0.936333  79.073496  15.858871 -0.00044596058108581360
 32000   0.943777  84.102469  16.818576 -0.00191827159227031530
 32100   0.948956  55.962120  11.214458 -0.00411661555786402289
 32200   0.943835  68.379183  13.701281 -0.00003835397462381707
 32300   0.934943  47.503838   9.494411 -0.00194408934360268404
 32400   0.949898 112.547939  22.514103 -0.00243220858093806669
 32500   0.948752  81.428447  16.340714 -0.00009620432786761057
 32600   0.946743  73.770362  14.824046 -0.00017582754644607235
 32700   0.977274 193.485824  39.052028 -0.00607406810960497978
 32800   0.959720  94.024591  18.886477 -0.00157228769440465044
 32900   0.938874  81.744183  16.164893 -0.00008100407583810920
 33000   0.953583 171.880353  34.750794 -0.00028814766211127107
 33100   0.962312 127.229288  25.472543 -0.00022099617805437788
 33200   0.921707  68.761755  13.503343 -0.00047130604907863471
 33300   0.917330  39.861928   7.798574 -0.00143586749162594174
 33400   0.945620  74.755580  14.950294 -0.00082247156800896448
 33500   0.946080  72.804753  14.482439 -0.00027355344895951816
 33600   0.933094  88.520508  17.682018 -0.00100720843473212085
 33700   0.967505 119.609664  24.056641 -0.00016342920498146896
 33800   0.945731  63.537432  12.691274 -0.00117408284497422244
 33900   0.947235  64.604349  12.804612 -0.00000842618159602182
 34000   0.928208  67.992678  13.450345 -0.00020631612464150351
 34100   0.942756  54.388064  10.999905 -0.00211428781357803075
 34200   0.931782  78.156224  15.730392 -0.00140486351157065315
 34300   0.950768  85.257069  16.966887 -0.00001547343638108600
 34400   0.956240  87.782139  17.655202 -0.00074592205202250739
 34500   0.951259 101.933490  20.482993 -0.00416171661899511491
 34600   0.944416  63.608693  12.642485 -0.00020263131289866010
 34700   0.962784 123.132018  24.715324 0.00020818829903035407
 34800   0.922789  52.387638  10.497057 -0.00004098282807518672
 34900   0.944471  96.985604  19.268990 -0.00029872007765519015
 35000   0.952747  67.766935  13.563025 -0.00391501830718787858
 35100   0.942326  95.183531  19.112011 -0.00062486106245174255
 35200   0.919330  54.471959  10.728680 -0.00012932493965855940
 35300   0.944670  78.697727  15.730538 -0.00231945377230680094
 35400   0.921931  62.065313  12.257999 -0.00077753762927379455
 35500   0.946587  84.365779  17.034758 0.00000059634336579961
 35600   0.935801  90.204392  18.134241 -0.00038952536954539596
 35700   0.935195  54.350606  10.857041 -0.00090035666737264819
 35800   0.917723  62.677213  12.284579 -0.00050540290592415715
 35900   0.949769  92.315339  18.832657 -0.00070122851945697562
 36000   0.947556  80.510260  16.202576 -0.00011331259169722330
