1000 
   100   0.801237  11.426373   1.810079 -0.01814064867798825809
   200   0.668121   8.461971   1.261286 -0.00800951217129397541
   300   0.823342  17.702931   3.720421 0.00280554803856869484
   400   0.940275  31.666726   7.757324 -0.00102413498615749887
   500   0.952296  41.335268   8.799183 -0.04656380363887890894
   600   0.951242  32.957826   6.217571 -0.04441575902259575770
   700   0.893686  15.581013   2.866331 -0.00502699903134962156
   800   0.969590  66.369695  13.237534 -0.11936708042180832479
   900   0.979409  43.495909   8.988343 -0.00081116623965549195
  1000   0.921419  25.923411   5.148121 -0.03656122375504455846
  1100   0.866101  18.491485   3.595849 -0.00158554254766141156
  1200   0.908264  29.373759   5.814723 -0.01107272260038705269
  1300   0.970483 107.476447  22.609572 -0.04315635459898459203
  1400   0.993572  77.653733  16.439689 -0.03399536198024577516
  1500   0.871416  19.697602   3.777894 -0.00404572951588999530
  1600   0.901266  43.261538   8.594266 -0.00396497538860707266
  1700   0.958781  53.406125   9.948777 -0.00989421081539099134
  1800   0.911737  33.290536   6.210202 -0.00403088024528130973
  1900   0.988948  81.578224  16.355143 -0.00343783966453159451
  2000   0.890320  54.895491  10.484657 -0.00038145919890908431
  2100   0.936108  76.542272  15.254539 -0.01746667740719765050
  2200   0.910359  27.911319   5.098385 -0.02714775311248551759
  2300   0.996395 163.795161  33.381011 -0.09017400364538730173
  2400   0.990813 161.019853  35.011718 -0.07719117876221304186
  2500   0.942303  55.239934  11.774856 -0.00229775836992729410
  2600   0.949010  41.373330   8.523688 -0.02149616648790342310
  2700   0.944930  50.096693   9.976960 -0.02382446627879097889
  2800   0.926587  38.801746   7.378134 -0.02191334001491718197
  2900   0.885435  33.542607   6.471381 -0.00581176550977513529
  3000   0.961645  59.030937  11.675544 -0.01258131661740335971
  3100   0.964551  84.900062  17.332514 -0.00353081076982064701
  3200   0.974176 142.083504  30.406874 -0.00787566653210802770
  3300   0.924401  31.402595   5.985444 -0.00008043967059379042
  3400   0.969517  82.173496  15.704622 -0.00501638779424062875
  3500   0.913312  33.472102   6.338724 -0.00184803583663928350
  3600   0.978602 129.754093  26.512758 -0.12287378409919824662
  3700   0.850388  41.516253   8.068355 -0.03292494204391083201
  3800   0.913292  43.530165   8.619925 -0.01737639333522622564
  3900   0.929129  94.234432  17.468514 -0.00109961101669142636
  4000   0.988712  81.547999  16.582928 -0.01208966829015167832
  4100   0.912212  34.206821   6.390952 -0.00822662439637600329
  4200   0.937513  64.322318  12.917939 -0.02309911671391340349
  4300   0.992187 252.123362  51.982453 -0.02531971472637195575
  4400   0.973317  99.233127  20.756232 -0.03761904524248294024
  4500   0.926445  40.853234   7.970408 -0.00051208630731558458
  4600   0.969007  77.364698  15.556340 -0.06796574520852161072
  4700   0.939783  43.907058   8.920680 -0.00086104410354970184
  4800   0.987477 155.769343  32.742411 -0.03405450735846216048
  4900   0.997709 170.067294  35.524131 -0.01646313324769721476
  5000   0.982897 187.887674  37.632614 -0.13280882607837440901
  5100   0.890783  71.144249  13.956661 -0.03504132282106908747
  5200   0.983978 186.089247  37.572342 -0.00337106611596027506
  5300   0.953499  72.789263  14.397983 -0.02253177691292940210
  5400   0.940630  43.789978   8.457912 -0.01625978337196976042
  5500   0.957834 118.778668  22.609971 -0.02276419966564446895
  5600   0.984408  74.270201  14.927635 -0.01924301329628974599
  5700   0.987882 190.658578  38.494085 -0.00556843937715711945
  5800   0.964497 151.358450  30.426633 -0.00163449997119258228
  5900   0.889621  36.938129   7.024682 0.00017722243814599636
  6000   0.998733 248.928527  50.863048 -0.08432382908856794757
  6100   0.994187 170.628920  35.313284 -0.01529433379279510063
  6200   0.925717  59.751072  11.863923 0.00044349410993937965
  6300   0.959126  66.317486  13.204796 -0.00606859871932563522
  6400   0.995986 181.678588  36.831937 -0.01475158602932680196
  6500   0.982601 112.744504  23.591571 -0.06742998841923153464
  6600   0.987144 194.281478  38.908807 -0.00636202119415685274
  6700   0.950894  60.929480  12.110300 -0.00284412890370511207
  6800   0.998781 191.237986  38.771135 -0.01080352941855267090
  6900   0.966081 119.412445  23.608779 -0.01411778223459592141
  7000   0.978382 104.470151  20.112170 -0.02072052163829241067
  7100   0.968170 100.648349  20.188926 -0.02579862399474919243
  7200   0.930234  55.536478  11.045296 -0.00029199368966459360
  7300   0.994933 181.413484  38.457569 -0.01202965698985281051
  7400   0.950918 138.329029  28.133303 -0.03721690998805726736
  7500   0.975845  75.951710  14.881379 -0.01528265372821913104
  7600   0.959539 161.092575  32.345954 -0.02093573258088099465
  7700   0.942562  65.734588  12.377688 -0.00090370220024738046
  7800   0.966175 223.779723  45.329380 -0.00035888239064263416
  7900   0.984420 160.955832  32.464898 -0.01150704357781506815
  8000   0.941440 104.486412  20.398704 -0.02838996050430608875
  8100   0.970902 106.554922  21.551407 -0.00952099798237782124
  8200   0.965244  59.155245  12.082409 -0.00113188704889211067
  8300   0.990383 244.141425  48.916363 -0.00016596168921267918
  8400   0.967592 128.625722  25.355549 -0.00209342266744272365
  8500   0.961419 124.531545  25.521395 -0.00024629825547961559
  8600   0.948339  46.776644   9.415902 -0.00469666036442362156
  8700   0.990758 182.398641  36.869328 -0.00874239584241820467
  8800   0.970855  88.101438  17.368200 -0.00179918005069268361
  8900   0.996516 259.894559  54.811457 -0.00001360340172595897
  9000   0.926078  90.845040  17.359534 -0.01205674730312367160
  9100   0.996006 207.949393  42.980130 -0.00369496356592691200
  9200   0.992912 213.763479  43.401973 -0.02454247952785237885
  9300   0.953535  60.230162  11.783240 -0.00373787770778832851
  9400   0.953084 102.341336  19.854068 -0.00450579325885058779
  9500   0.959856 103.223177  20.396078 -0.00951389083576259509
  9600   0.966804  70.147087  13.699931 -0.00067189576365400683
  9700   0.946627 151.138650  29.727047 -0.00208134312425301005
  9800   0.965203 112.602673  22.829959 -0.03527788121509800590
  9900   0.993204 312.692609  63.065517 -0.00995156702698807294
 10000   0.976584 183.275953  37.514318 -0.02059692266512769265
 10100   0.971627 226.178179  46.977788 -0.00457025961287627069
 10200   0.996409 231.020789  48.026843 -0.01189162720324077327
 10300   0.988471 235.503834  48.385278 -0.01876195456529927696
 10400   0.951499  78.611204  15.652741 -0.00147044670716667270
 10500   0.977367 113.979296  23.255249 -0.00738257785052809368
 10600   0.943266  68.014704  13.349412 -0.00328585958757265928
 10700   0.971695  88.016923  17.559779 -0.00247649570312091782
 10800   0.969939 183.775759  36.684034 -0.00305248986180117754
 10900   0.980615 201.437381  41.153617 -0.02092316560107576606
 11000   0.990167 179.683160  35.688121 -0.00348805723856315808
 11100   0.986760 251.363076  50.228866 -0.02110360024055779604
 11200   0.989930 164.599667  32.829868 -0.00188698609947834939
 11300   0.966854 115.186947  22.711266 0.00007008360074678421
 11400   0.999979 201.625074  41.889963 -0.00914222688491861391
 11500   0.941038  78.324879  15.306269 -0.00454176358430480320
 11600   0.965616 158.125435  31.488246 -0.02778862873994469851
 11700   0.973008 110.952904  21.569633 -0.00454281683695256788
 11800   0.979935 198.587298  40.001352 -0.01903705118298404386
 11900   0.982228 144.269108  29.144269 -0.00051526189178829895
 12000   0.950187  67.547810  13.510647 -0.01017285452371474719
 12100   0.999216 404.232156  81.035096 -0.04518883616562163752
 12200   0.993052 340.730205  70.502202 -0.01777878906953844762
 12300   0.996418 253.650028  52.047160 -0.02327287994129534354
 12400   0.990616 228.831315  47.609929 -0.00174833989427014558
 12500   0.961535 109.579404  22.196092 -0.00031214155870884497
 12600   0.960800 187.962215  36.932577 -0.00349005391375101226
 12700   0.989843 370.003262  75.624997 -0.00716641207429802307
 12800   0.980360 177.462209  35.777879 -0.00571127262679027581
 12900   0.960797  74.890751  14.873534 -0.00011736418706753682
 13000   0.978895 114.032051  23.704844 -0.00505120743311593401
 13100   0.981260 208.663283  42.242164 -0.00020487788764000925
 13200   0.967700  95.484484  19.248774 -0.00003008418281069680
 13300   0.961908  56.436821  11.040792 -0.00045705980801535873
 13400   0.994355 203.374975  42.191567 -0.00115134369006142379
 13500   0.934449  81.094609  15.839364 -0.00712344693693900410
 13600   0.962720 153.612152  31.149516 -0.02471459837331835274
 13700   0.984619 200.013652  41.109449 -0.01744570371776887896
 13800   0.937101  66.265868  12.814995 -0.00120809491590279094
 13900   0.971158 122.253810  24.622413 -0.01304909773030971110
 14000   0.948959  66.327255  12.979998 -0.00119361249187299734
 14100   0.966025 156.032121  31.435118 -0.00369422660686069548
 14200   0.998537 280.624060  56.952455 -0.00237128995127733333
 14300   0.958989 114.669686  22.757450 -0.00007265789880506190
 14400   0.983649 167.658771  33.694621 -0.00013525505622169476
 14500   0.976990  98.663057  19.691733 -0.00005247815078845974
 14600   0.996000 303.087328  60.892006 -0.01609130704259342792
 14700   0.971895  81.600326  16.235218 -0.00158193144190477142
 14800   0.995757 166.904518  33.109582 -0.00066559482109340706
 14900   0.971346  84.313172  16.696519 -0.00201599652096007276
 15000   0.994682 385.379159  79.156491 -0.12884747004987673336
 15100   0.986115 126.890438  25.704272 -0.00154550274733367132
 15200   0.991337 177.908184  35.471814 -0.00448248589714950185
 15300   0.995839 282.191246  58.917858 -0.02875762648098856289
 15400   0.978881 105.361864  21.208818 -0.00723034341839579042
 15500   0.961139  82.957843  16.216862 -0.00005789021215818480
 15600   0.979175 250.411530  49.809254 -0.00016777691143232687
 15700   0.972403 109.079791  21.787025 -0.00114258238172837423
 15800   0.933764  45.667130   8.821054 -0.00021691503489051911
 15900   0.972400 137.308199  27.473966 -0.00494504446053056768
 16000   0.956911  80.903582  16.302629 -0.00955587974172544818
 16100   0.953608  72.554794  14.429711 -0.00013074499329768230
 16200   0.983677 152.852092  31.544139 -0.00755203675905491423
 16300   0.966096 133.353259  26.702757 -0.00061946500722953601
 16400   0.950462  65.753868  13.098027 -0.00062443591871463866
 16500   0.935859  93.824958  18.154077 -0.00247362379410631661
 16600   0.975591 114.036247  22.152523 -0.00210896874443378124
 16700   0.985400 239.668276  47.931601 -0.00205445682987459577
 16800   0.947697  78.363491  14.958930 -0.00010035034881994420
 16900   0.943313  67.023491  13.119983 -0.00313705567782385231
 17000   0.981387 149.416380  30.762194 -0.01758041652895059315
 17100   0.978382 129.956709  25.968239 -0.00030355909353829702
 17200   0.986905 173.246262  35.199636 -0.00360146357925827942
 17300   0.974149 116.096423  23.195550 -0.00360236967259197627
 17400   0.977470 174.898341  35.088280 -0.00195644369543401808
 17500   0.962018  86.346280  17.245880 -0.01350816347915539950
 17600   0.974292 154.432935  30.716877 -0.00299293242060727493
 17700   0.989341 173.838641  35.699531 -0.00122907334166910687
 17800   0.950869  69.835828  13.945312 -0.00615964392631163093
 17900   0.979267 122.055155  23.865443 -0.00009037036111081420
 18000   0.962346  77.990562  15.212057 -0.00043585707455484624
 18100   0.985052 125.296514  24.833758 -0.00402665458528872477
 18200   0.985505 137.549573  27.698674 -0.00018231014585268213
 18300   0.961318  68.796791  13.920558 -0.00045369145299467561
 18400   0.978655  85.363032  17.377443 -0.00135716893365156466
 18500   0.981703 148.105200  29.748267 -0.00086394207795947864
 18600   0.959987 123.103735  24.221809 -0.00182906736306520656
 18700   0.974439 121.639544  23.820331 -0.00020458731695072174
 18800   0.970774  97.736643  19.121354 -0.00487487798888963653
 18900   0.996917 282.795941  56.917259 -0.00103547520315316888
 19000   0.971954 191.508505  38.087828 -0.00220523293962315847
 19100   0.977207 123.437126  24.604102 -0.01223360072021861811
 19200   0.980818 168.698111  33.881871 -0.00711920973819246683
 19300   0.969762  80.830884  16.102476 -0.00087880987346977690
 19400   0.955685  65.652489  12.900376 -0.00000010117627624595
 19500   0.983862 145.933617  29.611924 -0.00137447540984325656
 19600   0.951244 104.316879  20.585197 -0.00141930452943483942
 19700   0.962262 121.455122  24.075274 0.00003318572235500028
 19800   0.999336 386.394538  78.814740 -0.00584252213756997207
 19900   0.982105 347.418666  69.883005 -0.01972563462956600233
 20000   0.989086 347.415036  69.837911 -0.00988216553200516046
 20100   0.937965  72.600578  13.932425 -0.00255202501133666715
 20200   0.984635 122.941986  24.778822 -0.00433465543053301872
 20300   0.998847 378.073667  76.045587 -0.01613032084695475987
 20400   0.976429 128.348999  25.743267 -0.00203228135804778276
 20500   0.990552 184.167378  36.383778 -0.00050838276673204064
 20600   0.951485  66.045062  12.905391 -0.00545681917844476061
 20700   0.992801 166.998674  33.188224 -0.00175408989376535374
 20800   0.984714 126.104887  25.281641 0.00003646255396816400
 20900   0.989930 457.945987  94.426977 -0.01068835337932227958
 21000   0.969551  98.169372  19.456902 -0.00400704843447741155
 21100   0.974873 100.057040  19.991621 -0.00081877306315547571
 21200   0.981371 195.039880  39.302427 -0.00914890947930047105
 21300   0.976349  99.900594  20.199465 -0.00109207014316936579
 21400   0.970404  97.058433  19.060601 -0.00185655226927394779
 21500   0.983302 173.915681  35.200436 -0.01142237346255114971
 21600   0.967147 102.345962  20.630157 -0.00013577462911129601
 21700   0.924492  61.400083  11.857047 -0.00137431045905778149
 21800   0.950481  65.188544  12.687048 -0.00079621307307853328
 21900   0.969191  93.056731  18.376859 -0.00078351819081845520
 22000   0.979860 378.855527  77.040763 -0.00467466359981472124
 22100   0.999699 336.100250  68.388446 -0.00263251456672719542
 22200   0.977518 140.022872  28.016376 -0.00081308491231979474
 22300   0.992756 196.692282  40.727177 -0.00488434068920895470
 22400   0.996147 236.387713  48.157982 -0.00601503611343190414
 22500   0.977280 217.599526  43.103662 -0.00038598461491545777
 22600   0.973223 164.042336  31.950855 -0.00836627148043689317
 22700   0.967771 129.257060  25.441195 -0.00023821135353330192
 22800   0.952122  71.749445  14.278694 -0.00510964637810751299
 22900   0.988924 246.811515  49.051440 -0.00908509699977599894
 23000   0.958461 116.475602  22.986069 -0.00013817179586439465
 23100   0.980023 134.256898  26.670117 -0.00109109925372763428
 23200   0.982781 202.150478  40.664052 -0.00130487304329562903
 23300   0.970123  97.746459  19.573945 -0.00051767211904163446
 23400   0.960061 110.281479  21.842813 -0.00140268251084307849
 23500   0.957281 155.988957  30.666382 -0.00038346011368517452
 23600   0.981748 104.492301  20.689839 -0.00052193523370291928
 23700   0.987156 141.929841  28.631402 -0.00009861380216946714
 23800   0.980315  94.076986  18.822175 -0.00112756432055149958
 23900   0.966656 141.125604  28.064836 -0.00675906337580656214
 24000   0.967102 118.823814  23.300636 -0.00863574482830742340
 24100   0.983484 117.505917  23.585132 -0.00381558777503698821
 24200   0.991465 215.113553  43.271143 -0.00045947919475963772
 24300   0.987999 227.187617  46.017865 -0.00866309433246215121
 24400   0.988083 172.535291  34.384453 -0.00239650257635304342
 24500   0.993374 174.460759  35.570566 -0.00518682322495322978
 24600   0.961243 132.963429  26.605286 -0.00361431933659162041
 24700   0.957831  98.681932  19.656327 -0.00015551622685805455
 24800   0.970448 136.747823  27.343402 -0.00616270299874344119
 24900   0.994821 215.799836  43.605746 -0.02222048018341382658
 25000   0.997510 229.374837  45.598130 -0.00158797298158930289
 25100   0.954993  82.795274  16.093903 -0.00004659701727049992
 25200   0.993537 453.898586  91.371179 -0.00292938710708767758
 25300   0.980757 257.395855  50.826515 -0.00153648278425322360
 25400   0.978870 150.835344  29.555154 -0.00026004221071929123
 25500   0.984953 206.338564  40.782028 -0.00018230179199463237
 25600   0.968273 138.457422  27.033608 -0.00344853420667234900
 25700   0.983310 236.883623  48.009829 -0.00288672701815784194
 25800   0.987159 166.772567  34.205524 -0.01517252160797255556
 25900   0.981945 167.146927  33.763266 -0.00170382122750822873
 26000   0.989678 144.416384  29.270816 -0.01793773989675884195
 26100   0.962488 138.125487  27.199567 -0.00215742292209242237
 26200   0.966499 218.564076  44.970431 -0.00204723357092717606
 26300   0.987817 381.589766  77.208485 -0.05256122601474544354
 26400   0.995005 251.389707  50.657899 -0.00093550549248533343
 26500   0.973124 198.125820  39.796425 -0.00069704650884716557
 26600   0.990836 144.925750  28.793371 -0.00108752773527598379
 26700   0.974652 110.257271  22.242090 -0.00345047329939873748
 26800   0.991310 341.417000  68.678158 -0.00016491721260081249
 26900   0.973217 109.583035  21.955729 -0.00161554066882985126
 27000   0.999959 384.176043  79.595578 -0.00000648400320812925
 27100   0.996920 293.506107  58.625088 -0.00032029621153384369
 27200   0.964970  88.339587  17.248010 -0.00419206044492526075
 27300   0.981623 124.181401  24.971756 -0.00098716302868595562
 27400   0.988830 143.158129  28.500530 -0.00047668330596906117
 27500   0.988259 434.425794  87.499746 -0.01730485992949581942
 27600   0.972707 153.546624  30.323903 -0.00155499965478966828
 27700   0.966752  97.726964  19.377435 -0.00213946068727466354
 27800   0.981808 201.627221  40.292118 -0.00431540166981392304
 27900   0.968732 118.704768  23.263196 -0.00549101655776240705
 28000   0.991787 297.470917  60.753176 -0.00525881181882681403
 28100   0.986830 224.403820  45.279562 -0.00848312339278578520
 28200   0.960543 103.067015  20.360007 -0.00121102832514807801
 28300   0.988712 158.775066  31.681610 -0.00046814644565884578
 28400   0.960394 118.004718  23.197315 -0.00058461882655436170
 28500   0.958364  68.597170  13.703605 -0.00138776098501125489
 28600   0.992496 365.232987  73.161051 -0.00047939893565285274
 28700   0.992897 327.349526  66.123102 -0.01975157853546249953
 28800   0.989295 209.636586  41.604021 -0.00301801175708504843
 28900   0.956552  71.973454  14.001866 -0.00182681880160373566
 29000   0.984641 141.250769  28.127931 -0.00045451027477483308
 29100   0.961672 103.061369  20.346234 -0.00395898669752270393
 29200   0.954752 119.334859  23.554749 -0.00571221924985110263
 29300   0.978699 167.149231  32.903364 -0.00164461241544699988
 29400   0.976502 129.720061  25.607991 -0.00068990348628616971
 29500   0.989665 200.559060  40.281626 -0.00015128002146269637
 29600   0.996766 554.655189 113.224674 -0.02991930692952848858
 29700   0.975600 171.751753  34.422548 -0.00298019776661817559
 29800   0.965391 138.395921  27.172605 -0.00036541370956300057
 29900   0.993083 256.659393  51.441626 -0.00184397515106837773
 30000   0.967520 121.206521  24.277497 -0.00016967476094009726
 30100   0.998858 352.816696  71.805639 -0.00017740037451119406
 30200   0.999244 560.653497 111.706466 -0.03437475087753227854
 30300   0.985391 155.489607  31.073060 -0.00433502869407575986
 30400   0.987283 180.652526  36.265122 -0.00206124624534709255
 30500   0.936654  76.493289  14.806997 -0.00009713756363716186
 30600   0.958760 104.002789  20.372227 -0.00008445746368224150
 30700   0.977018 136.515628  27.308568 -0.00345109685281741463
 30800   0.969131 112.328633  22.171711 -0.00589990123251027399
 30900   0.967804 120.831641  23.532950 0.00010798568762382388
 31000   0.971404 124.777649  24.676674 -0.00112533802656500370
 31100   0.959178 104.836218  20.972551 -0.00480553632982605450
 31200   0.973278  80.199530  16.119565 -0.00002698144778889855
 31300   0.966106 165.711038  33.411825 -0.00568520571143693587
 31400   0.985431 304.807248  61.503824 -0.00123084212512480917
 31500   0.993879 332.322894  68.522723 -0.00964259752517193647
 31600   0.956211 133.336662  26.392441 -0.00484236641474922180
 31700   0.990471 228.223753  44.706368 -0.00244877828336598213
 31800   0.970001 263.199291  52.438194 -0.00302367119418534003
 31900   0.992714 277.834299  54.963064 -0.00283713284238729102
 32000   0.987682 247.677439  50.368049 -0.01882998624363807494
 32100   0.971342  93.489240  18.732207 -0.00059061613615796205
 32200   0.992631 139.414703  27.934575 -0.00032135660259058341
 32300   0.983262 503.075425 101.794378 -0.00441370017418307725
 32400   0.969171 159.373908  31.903887 -0.00040801019743952338
 32500   0.981264 137.673766  27.634011 -0.00240902390926578391
 32600   0.995200 399.049801  80.832765 -0.00542154352372392623
 32700   0.963412 116.921958  22.869126 -0.00037990511097163449
 32800   0.982100 251.476482  50.110849 -0.00044029739694906311
 32900   0.991799 220.689977  44.184558 -0.00039246345260579574
 33000   0.993340 672.159774 136.192110 -0.01190207690922306938
 33100   0.962465 127.405588  25.262774 -0.00279381807033018958
 33200   0.958356 105.570073  20.645703 -0.00087762571289573543
 33300   0.983380 180.674751  36.165380 -0.00755028276385871777
 33400   0.968085  96.558951  19.006755 -0.00148150394202417601
 33500   0.978938 177.975598  35.392663 -0.00057361087382901133
 33600   0.961065 108.868544  21.477778 -0.00107808237957485176
 33700   0.976375 170.622710  34.423052 -0.00020658757817670903
 33800   0.976179 194.752651  38.464600 -0.00192987116469822695
 33900   0.971115 138.899295  27.732771 -0.00201781023303126972
 34000   0.970736 108.896324  21.234536 -0.00024673233426497632
 34100   0.994727 317.645886  64.336855 -0.01205387453494211059
 34200   0.981245 205.210081  41.699664 -0.00238497126274950233
 34300   0.983141 220.752989  44.510560 -0.00045123179442896344
 34400   0.973357 113.157583  22.452073 -0.00181268394226563601
 34500   0.997236 309.896626  62.318117 -0.00254332817844726833
 34600   0.956411  90.165984  17.737588 -0.00374250389193875321
 34700   0.972223 139.084275  27.658430 -0.00210518149134486521
 34800   0.992287 274.684774  55.291196 -0.00095446465270043745
 34900   0.994021 296.534048  60.464417 -0.01493394727980756898
 35000   0.990833 148.627354  29.778924 -0.00175137830959215535
 35100   0.984886 137.788911  27.443899 -0.00004057438781401856
 35200   0.978612 397.896424  79.849956 -0.00062139566846042271
 35300   0.952858  87.643785  17.243112 -0.00011994655226388318
 35400   0.980917 130.368551  25.877986 -0.00053914804316335108
 35500   0.964428  89.546525  17.907182 -0.00212282922329265489
 35600   0.968767  99.893961  20.045838 -0.00029894153730225526
 35700   0.990090 205.356872  41.592834 -0.00775135618182076769
 35800   0.994068 306.876249  62.219953 -0.01249322051317136584
 35900   0.973500 135.597160  26.892253 -0.00055422746762445740
 36000   0.995968 255.686397  52.243437 -0.00891940912077160419
