10000 
   100   0.488861   4.060678   0.730922 0.00000000000000055511
   200   0.780513   9.245300   2.192283 -0.02658851567009268280
   300   0.818089  15.010131   3.102094 -0.00000000000000488498
   400   0.782854  13.539158   2.762401 -0.04697440361077687143
   500   0.915783  14.932311   3.198709 -0.14612820242936441772
   600   0.801644  16.624043   3.400862 -0.00706696214516044918
   700   0.827752  18.049990   3.403380 -0.00033198046296378791
   800   0.800179  19.410614   3.951945 -0.00296795680642869542
   900   0.823046  15.846191   3.116417 -0.00000000000001687539
  1000   0.719713  11.499923   2.276985 -0.00000000000009192647
  1100   0.784702  13.955595   2.727684 -0.00000000000005284662
  1200   0.848970  14.720279   3.185515 -0.01614574123102219261
  1300   0.716470  13.507348   2.483274 -0.00000000000003064216
  1400   0.857198  46.929810   9.881624 -0.00715778042319037411
  1500   0.897770  25.356762   5.544679 -0.00000000000009503509
  1600   0.749427  11.441298   2.231891 -0.00631269124861955078
  1700   0.747536  11.698240   2.367173 -0.00000000000006084022
  1800   0.825990  24.073570   4.881585 0.00000000000003019807
  1900   0.904398  29.061762   6.148416 -0.00044100242067468542
  2000   0.703949  12.812817   2.351152 0.00000000000003330669
  2100   0.791957  14.267716   2.928279 0.00000000000001953993
  2200   0.760917  15.877373   3.143357 -0.00324953352403056783
  2300   0.831819  20.834386   4.318846 -0.00202419448422919146
  2400   0.876300  23.286839   4.802911 -0.00000000000013145041
  2500   0.838219  20.378106   4.292797 -0.00290763765356150117
  2600   0.787440  15.266702   3.112058 -0.00000000000034017233
  2700   0.758309  15.775008   2.903770 -0.00000000000003730349
  2800   0.747964  21.366101   4.226805 -0.00826170489994471069
  2900   0.866456  23.345861   4.657486 -0.00363551875858370011
  3000   0.759551  16.982244   3.404067 -0.02068532792699651068
  3100   0.740042  11.752368   2.458932 -0.00148322979409254430
  3200   0.726876  14.849328   2.820150 -0.00122186936138479751
  3300   0.769586  16.730442   3.236702 -0.01812987421977174662
  3400   0.766171  13.497745   2.685453 -0.00218656067745914839
  3500   0.753895  13.951064   2.643342 -0.00337402394879582346
  3600   0.769468  14.126752   2.758080 -0.00056096174519648656
  3700   0.834570  21.231199   4.423554 -0.00056838874597264777
  3800   0.740444  13.735859   2.660419 0.00000000000039124259
  3900   0.775205  15.244421   2.990252 -0.00000000000021227464
  4000   0.790549  17.333207   3.441224 -0.00375134705136970226
  4100   0.840836  24.586828   5.157158 -0.00007914284527732462
  4200   0.767903  15.063861   2.962821 -0.00332513222612984549
  4300   0.829909  22.490644   4.524192 -0.00008911979071157816
  4400   0.777958  13.946416   2.744908 -0.00000000000060307315
  4500   0.825010  19.521834   3.925991 -0.00006628123270502329
  4600   0.704769  12.625351   2.453657 -0.00005250856737593068
  4700   0.782817  19.847489   3.880276 -0.00054197683665657692
  4800   0.821805  29.238798   6.164495 -0.00001839576734052883
  4900   0.768433  12.755067   2.532179 -0.00061276258825548879
  5000   0.769122  19.395367   3.777893 -0.00032418009638801593
  5100   0.795997  16.442576   3.371208 -0.00113159093395820420
  5200   0.786421  15.092866   2.954551 -0.00016822000103333679
  5300   0.839287  21.186284   4.458538 -0.00257380358387493402
  5400   0.752840  13.591600   2.690395 -0.00023871325786428699
  5500   0.821096  16.684205   3.381859 -0.00048457473034124732
  5600   0.847613  23.215988   4.758986 -0.00029139418630386160
  5700   0.768156  15.735448   2.984074 -0.00013958523374979492
  5800   0.776386  15.351087   3.010842 -0.00114691607471817392
  5900   0.824892  19.962189   4.081751 -0.00203947106471336070
  6000   0.805495  20.748833   4.211929 -0.00008374346280781708
  6100   0.813098  23.584624   4.678460 -0.00366740504200091522
  6200   0.819270  22.391592   4.510694 -0.00012837688925149138
  6300   0.839885  29.110513   5.990672 -0.00239702788560158808
  6400   0.779940  15.968089   3.185684 -0.00044885128000693442
  6500   0.814602  18.531429   3.725770 -0.00047244781166622118
  6600   0.802224  16.497610   3.341754 -0.01026088050520446160
  6700   0.818502  19.956618   4.044938 -0.00000000000125321975
  6800   0.836191  26.767659   5.463499 -0.00025226530976851791
  6900   0.810009  25.267348   4.969124 -0.00012063592235378451
  7000   0.810026  21.801056   4.328756 -0.00031097651420175509
  7100   0.827524  18.532186   3.894940 -0.00203937485087024584
  7200   0.826895  22.228504   4.491002 -0.00409572989338968796
  7300   0.786961  16.186740   3.226261 -0.00000000000050537352
  7400   0.835424  22.371964   4.456164 -0.00008977741588456212
  7500   0.821379  26.355728   5.294120 -0.00162437502568568704
  7600   0.783755  18.916969   3.745060 -0.00099774928447615707
  7700   0.774923  15.282615   3.072013 -0.00038774901577909304
  7800   0.786241  13.730374   2.718805 -0.00086483465642794854
  7900   0.825401  27.572564   5.504042 0.00000000000277733392
  8000   0.846776  25.540307   5.216608 0.00000000000072120088
  8100   0.748248  14.446494   2.881513 -0.00243532631554010948
  8200   0.772714  27.014393   5.422645 0.00000000000063060668
  8300   0.783671  15.045272   2.955357 -0.00112914382554984982
  8400   0.807721  17.786521   3.572117 -0.00000939848227776707
  8500   0.742514  17.951499   3.404316 -0.00013239886736293727
  8600   0.784854  17.508032   3.316347 -0.00000000000034106051
  8700   0.837572  24.280886   4.975702 -0.00048468724063877033
  8800   0.778590  15.951929   3.112439 0.00000000000189759319
  8900   0.785186  22.796851   4.577019 -0.00028107207856820082
  9000   0.720370  13.089920   2.476041 -0.00086275480219644152
  9100   0.785241  16.091667   3.312034 -0.00002051249820089751
  9200   0.815315  20.018821   3.983764 -0.00041698475133555846
  9300   0.805482  20.556323   4.073689 -0.00000000000136868294
  9400   0.775443  18.707218   3.621955 -0.00008096195828910524
  9500   0.757136  17.544748   3.298566 -0.00169321445821202232
  9600   0.781258  18.675903   3.688323 -0.00016751155380445581
  9700   0.836245  21.687597   4.481632 -0.00121694586021892093
  9800   0.794795  19.249386   3.831929 -0.00027038040626958804
  9900   0.772691  19.178827   3.695554 -0.00072921875118359125
 10000   0.848533  22.504413   4.693460 -0.00096086952386187363
 10100   0.812638  21.836544   4.300443 -0.00200514733556733660
 10200   0.773609  17.651999   3.545778 -0.00019722677902711538
 10300   0.805117  21.023495   4.147087 -0.00046024158129043258
 10400   0.803947  20.201619   4.096533 -0.00012266051672682465
 10500   0.803532  17.594241   3.567428 -0.00001384640447632535
 10600   0.799906  21.864087   4.301879 -0.00080800454198737270
 10700   0.783759  18.397792   3.588429 -0.00000000000064215300
 10800   0.822398  20.371344   4.181089 -0.00069494384509916074
 10900   0.801911  17.857691   3.612333 -0.00016334258271299973
 11000   0.791666  17.394383   3.448832 0.00000000000271338507
 11100   0.788461  19.287829   3.897337 -0.00019492732565362658
 11200   0.759423  13.764051   2.690176 -0.00118718306294418596
 11300   0.758477  15.013588   2.886872 -0.00025412453605211383
 11400   0.780588  16.833543   3.411819 -0.00066470681375996321
 11500   0.775081  16.672827   3.307019 0.00000000000085931262
 11600   0.804809  18.045429   3.616785 -0.00163429285402116875
 11700   0.809741  20.657577   4.184234 -0.00024972628921471340
 11800   0.793868  21.712632   4.294391 -0.00029387200073394126
 11900   0.828859  27.917693   5.679726 -0.00000000000111821663
 12000   0.797048  21.086283   4.215736 -0.00327804989912383604
 12100   0.787002  21.678576   4.240881 -0.00166954140168140697
 12200   0.788339  22.905667   4.586340 -0.00042608565312907132
 12300   0.830342  22.611980   4.657677 -0.00443549195818349062
 12400   0.776196  19.188152   3.782042 -0.00142812680306469986
 12500   0.809801  18.645378   3.794158 -0.00054964936915968821
 12600   0.801269  20.636701   3.982990 -0.00022116336976996109
 12700   0.785212  16.205756   3.193610 -0.00032770758883371442
 12800   0.811913  20.461208   4.026184 -0.00051738909974208269
 12900   0.814264  25.430687   5.010960 -0.00026519433020677496
 13000   0.813558  21.278836   4.304426 -0.00044628955388859026
 13100   0.836448  23.401463   4.839236 -0.00004395501756349063
 13200   0.797780  21.662898   4.263282 -0.00036981433615768111
 13300   0.815622  20.394665   4.151004 -0.00000000000071231909
 13400   0.822867  19.405925   3.889711 -0.00305945107926008930
 13500   0.792170  15.494950   3.144345 -0.00055577958437380559
 13600   0.817341  24.051749   4.806693 -0.00012014600646281792
 13700   0.823620  28.095837   5.764693 -0.00008054722903150235
 13800   0.804748  19.912276   4.013402 -0.00079749943990314875
 13900   0.723088  12.371221   2.366552 0.00000000000008615331
 14000   0.804742  18.003006   3.599788 -0.00081354425571156241
 14100   0.777493  16.739927   3.375292 0.00000000000017852386
 14200   0.782075  16.493831   3.291141 -0.00414043330355129413
 14300   0.803352  22.600321   4.518467 -0.00001721277354782558
 14400   0.819424  25.967277   5.272773 -0.00002661039744644711
 14500   0.805035  21.079026   4.209684 -0.00030631654193591373
 14600   0.813630  22.890849   4.610784 -0.00031092913018149204
 14700   0.810091  20.965511   4.261236 -0.00175146834837658361
 14800   0.779746  19.003464   3.772204 -0.00024008149306986581
 14900   0.802784  17.254076   3.445025 0.00000000000067057471
 15000   0.790414  19.888447   3.994638 -0.00028761419510425767
 15100   0.786194  25.247142   5.088087 -0.00314095536869452019
 15200   0.829771  23.680754   4.807816 -0.00000000000115907284
 15300   0.788926  19.266879   3.821894 0.00000000000083888452
 15400   0.810325  19.021353   3.757029 -0.00030569857424334046
 15500   0.803680  19.555951   3.965442 0.00000000000371658260
 15600   0.831192  21.575447   4.467130 -0.00009400954725080624
 15700   0.805171  22.328405   4.479137 -0.00361011503162167458
 15800   0.795096  20.615897   4.020100 0.00000000000461941596
 15900   0.784322  16.355293   3.271035 -0.00002365347749799795
 16000   0.803907  23.709592   4.769673 -0.00040033381366733067
 16100   0.836910  22.797623   4.535453 -0.00000000000696775970
 16200   0.782573  16.589445   3.314051 -0.00076629100090119806
 16300   0.773529  15.643092   3.127414 -0.00120453679111820477
 16400   0.806860  23.080105   4.649731 -0.00006579003078943657
 16500   0.811447  21.793433   4.369833 -0.00074119536266170627
 16600   0.800787  17.470080   3.457161 -0.00107296067082129909
 16700   0.799562  22.345832   4.424568 -0.00178014389128211548
 16800   0.809421  20.395543   4.117944 -0.00001307644067960467
 16900   0.783123  16.581318   3.291801 -0.00091531306108061372
 17000   0.788622  18.437363   3.712417 -0.00000000000186295424
 17100   0.827072  21.750294   4.474592 -0.00011764085587007145
 17200   0.799724  19.332625   3.895455 -0.00029342718960823078
 17300   0.817584  23.762388   4.796318 -0.00011354906814364796
 17400   0.840509  25.494274   5.349402 -0.00000000000102051700
 17500   0.840925  24.290711   4.962245 -0.00000000000729016847
 17600   0.797408  18.244647   3.627160 -0.00000000000072519768
 17700   0.793327  18.664824   3.793306 -0.00187450705179026400
 17800   0.766811  16.231297   3.155072 -0.00000000000355671048
 17900   0.792568  18.955416   3.740337 -0.00203402676718233977
 18000   0.789076  16.920574   3.350274 0.00000000000204947170
 18100   0.760661  14.538118   2.857798 -0.00002696617674224910
 18200   0.801284  17.922376   3.604170 -0.00000000000010658141
 18300   0.801991  22.554789   4.481342 -0.00003626529828348879
 18400   0.773259  16.437497   3.307981 -0.00006530858246911464
 18500   0.788404  17.782135   3.514134 -0.00000000000203703721
 18600   0.778074  18.140793   3.593987 -0.00003599790262498459
 18700   0.842667  23.093902   4.724799 -0.00018854870938245227
 18800   0.820234  25.690264   5.159917 -0.00000000000079847240
 18900   0.816276  25.791053   5.324537 -0.00424888566117775923
 19000   0.771711  16.972542   3.278554 -0.00071937682203371267
 19100   0.820260  21.102657   4.304265 -0.00023502582647161319
 19200   0.799969  18.110153   3.612591 -0.00000726264390182862
 19300   0.800048  21.039958   4.236307 -0.00002837081788253926
 19400   0.818706  22.020925   4.426156 -0.00073086652697984533
 19500   0.818770  19.188342   3.908246 -0.00027109607962660931
 19600   0.802589  18.782636   3.787827 -0.00032423168455597562
 19700   0.778284  16.777671   3.242264 -0.00000000000403677092
 19800   0.841821  24.355242   5.006456 -0.00481984490023013024
 19900   0.791612  17.885976   3.558208 -0.00190987188934998997
 20000   0.798985  20.366013   4.061546 -0.00045523151782500548
 20100   0.810593  25.410099   5.186934 -0.00001286775654030237
 20200   0.814248  24.376749   5.005631 -0.00125716450233781529
 20300   0.824007  20.098262   4.148278 -0.00008234973467047269
 20400   0.828476  26.396109   5.425848 -0.00088130525578300478
 20500   0.812028  20.252676   4.068191 -0.00012741999338317100
 20600   0.801285  21.264041   4.229065 -0.00000202494455869839
 20700   0.804860  19.653272   4.001845 -0.00096641853981438430
 20800   0.781354  16.465999   3.259951 -0.00000000000043876014
 20900   0.775855  17.022525   3.408187 -0.00039005500496847034
 21000   0.809146  21.492094   4.345265 -0.00023132873130293774
 21100   0.771978  19.421811   3.815902 -0.00034593760229917336
 21200   0.816007  17.934747   3.623742 -0.00043051471684529830
 21300   0.785054  21.115898   4.194414 -0.00001629395845981207
 21400   0.785254  18.112967   3.601433 -0.00000000000006794565
 21500   0.790501  19.803605   3.858478 -0.00000148780507824853
 21600   0.827973  29.437327   6.041311 -0.00015519997671642471
 21700   0.825374  22.332151   4.640321 -0.00003224452176908699
 21800   0.782996  17.633450   3.522435 -0.00021115833181273302
 21900   0.796434  22.706083   4.477754 -0.00021765864537481860
 22000   0.776626  18.613576   3.623725 -0.00000000000145616852
 22100   0.778449  17.369535   3.340268 -0.00002693064077075036
 22200   0.808659  19.085946   3.825192 -0.00059462366479667850
 22300   0.823691  19.914018   4.072900 -0.00009718893766397230
 22400   0.826508  20.876307   4.178057 0.00000000000160671476
 22500   0.784623  17.612972   3.470638 -0.00029216439286150475
 22600   0.810210  21.035920   4.229523 0.00000000000102762243
 22700   0.797796  18.069207   3.660009 -0.00000000000026290081
 22800   0.790077  18.730302   3.737007 -0.00001689899081691593
 22900   0.805532  20.917153   4.126929 -0.00169696240206906879
 23000   0.809699  18.863460   3.790701 -0.00003474244074608279
 23100   0.781432  16.257272   3.278847 -0.00005451648606591419
 23200   0.784952  18.334922   3.652941 -0.00060848450707373658
 23300   0.778218  17.469432   3.425198 -0.00045963102633406194
 23400   0.799160  17.647351   3.505278 -0.00005884052378624105
 23500   0.761548  15.488494   3.038629 -0.00041132831182011387
 23600   0.811090  18.008945   3.636803 -0.00008853277384446301
 23700   0.794014  19.510946   3.857660 -0.00007390914408977878
 23800   0.797179  19.154819   3.861232 -0.00031469473563960904
 23900   0.805933  20.223855   4.087139 -0.00247937276356235969
 24000   0.798092  20.580176   4.184485 -0.00015083597348386490
 24100   0.807332  20.511514   4.137218 -0.00083139456948178037
 24200   0.821554  20.126820   4.025119 -0.00024534833308820225
 24300   0.781561  15.623935   3.096308 -0.00018860804750797655
 24400   0.784579  17.272988   3.380708 -0.00026685270199822142
 24500   0.810715  20.896761   4.145235 0.00000000000942890210
 24600   0.801400  20.306444   4.026231 -0.00038842344283018804
 24700   0.798826  19.366672   3.909072 -0.00032957128348076736
 24800   0.811121  21.698573   4.345839 0.00000000000427569091
 24900   0.819887  19.458323   4.003389 -0.00002398559671856759
 25000   0.798907  20.003209   4.039048 0.00000000000239186448
 25100   0.761553  16.373461   3.159230 -0.00000000000273248091
 25200   0.806677  20.555830   4.133050 -0.00013992496424197753
 25300   0.813950  18.759832   3.797029 -0.00016864004354477657
 25400   0.783144  16.860422   3.377738 -0.00032086319714297318
 25500   0.801687  20.596684   4.083786 -0.00001178344450458724
 25600   0.809711  21.772889   4.460786 -0.00010476611091281285
 25700   0.799898  19.255596   3.806870 -0.00004417171188020319
 25800   0.799845  17.550354   3.452010 -0.00023938390501143658
 25900   0.796993  20.961286   4.167914 -0.00249161007139164781
 26000   0.773490  16.546036   3.273397 -0.00017285438559122568
 26100   0.793807  18.804853   3.752010 -0.00031481072036632085
 26200   0.770747  16.416118   3.273657 -0.00016789568254216292
 26300   0.792455  18.873907   3.772948 -0.00039847034813123017
 26400   0.820671  22.817222   4.642842 -0.00098092817229833429
 26500   0.801744  18.380487   3.675404 -0.00000000000162003744
 26600   0.799380  20.939693   4.180238 -0.00061620542743501261
 26700   0.771857  17.325167   3.439078 0.00000000000361088937
 26800   0.804732  18.310108   3.667361 -0.00012658041731627989
 26900   0.799316  19.223229   3.800340 -0.00000000000262634359
 27000   0.796946  20.208941   3.987801 -0.00084549832102620570
 27100   0.818173  22.693630   4.547096 -0.00000427417452808498
 27200   0.805928  21.884230   4.318917 -0.00000000001014743845
 27300   0.796958  18.944549   3.767795 -0.00029680809933907426
 27400   0.783318  17.062910   3.435623 0.00000000000592903504
 27500   0.824286  21.854909   4.387470 -0.00020075745743586282
 27600   0.779455  17.494161   3.388376 -0.00016718272791882427
 27700   0.768106  17.987206   3.528608 -0.00000155365789300532
 27800   0.812726  18.150825   3.675362 -0.00181249347617251644
 27900   0.783057  19.564996   3.853988 -0.00010588717901294231
 28000   0.816614  20.322023   4.101266 -0.00015383563156490254
 28100   0.815146  22.942549   4.692812 -0.00102123255577790673
 28200   0.776027  16.864930   3.300603 -0.00001962247011011442
 28300   0.767394  17.377393   3.421888 -0.00016898390071640179
 28400   0.808908  19.035865   3.831540 -0.00043283960059969928
 28500   0.804002  19.303271   3.890810 -0.00032249082839008736
 28600   0.822665  23.240812   4.767216 -0.00040105537648482681
 28700   0.789460  19.378062   3.842996 -0.00020655765207289178
 28800   0.799332  21.837009   4.355214 -0.00005648855309203782
 28900   0.809230  21.300635   4.278529 -0.00002414776334802582
 29000   0.792033  20.352530   4.068401 0.00000000000673061606
 29100   0.815638  19.658597   3.934787 -0.00030970808352970280
 29200   0.799315  19.813187   3.963920 -0.00007426083502304337
 29300   0.790399  20.964859   4.132868 -0.00000000000367883501
 29400   0.824017  22.751473   4.675505 -0.00557211535761492627
 29500   0.808047  19.560609   3.908016 -0.00079000237338977541
 29600   0.819309  21.504224   4.361118 -0.00002543082581052403
 29700   0.763556  15.248872   2.962459 -0.00003228298674562424
 29800   0.806660  22.904026   4.656127 -0.00000000000746513962
 29900   0.805325  19.813110   4.006642 -0.00037711517123639737
 30000   0.797056  18.729595   3.806365 -0.00011282640747811712
 30100   0.814622  19.475837   3.928041 -0.00012519381274955776
 30200   0.775692  18.303797   3.596487 -0.00002701953140427094
 30300   0.805883  22.001621   4.380702 -0.00001676691120255924
 30400   0.815497  23.082510   4.593351 -0.00037261401056731813
 30500   0.806046  20.307081   4.093361 -0.00001381318176552071
 30600   0.816837  24.200990   4.867472 -0.00040713545011161756
 30700   0.816627  25.460127   5.148606 -0.00064245607056800935
 30800   0.803343  19.764010   4.009672 -0.00023998859542917472
 30900   0.808214  20.766051   4.193413 -0.00011972199726262289
 31000   0.800141  21.404172   4.270478 -0.00000000000781685827
 31100   0.787934  17.248241   3.437810 -0.00019098875673417837
 31200   0.786168  17.832174   3.505234 -0.00004585219364194870
 31300   0.814093  23.803444   4.794151 0.00000000000490096852
 31400   0.812447  21.411683   4.291016 -0.00018489026555013055
 31500   0.804908  20.541090   4.178635 -0.00066216950353670256
 31600   0.796586  20.386686   4.055123 -0.00027861676929585855
 31700   0.785778  18.219379   3.647854 -0.00004464884224875121
 31800   0.806546  18.772202   3.782554 -0.00022149380336244917
 31900   0.800741  19.109886   3.802633 -0.00017405394094538451
 32000   0.793147  18.389617   3.618227 -0.00050499307063267551
 32100   0.808196  20.005874   4.040439 -0.00000000000034994230
 32200   0.770428  16.374903   3.180247 -0.00014538636152572337
 32300   0.808415  19.638904   3.958154 -0.00002715531526487069
 32400   0.804497  18.285486   3.675721 0.00000000000859490257
 32500   0.794513  19.264529   3.791208 -0.00005091008052149348
 32600   0.795695  23.000374   4.594327 -0.00010393638508254810
 32700   0.786746  19.846305   3.944922 -0.00066885462717580779
 32800   0.789497  19.563784   3.866233 0.00000000000037658765
 32900   0.805311  19.451999   4.016923 -0.00000307758091810939
 33000   0.769950  17.546616   3.453485 -0.00107128578848847411
 33100   0.767462  15.270768   2.964190 0.00000000001740252387
 33200   0.807851  21.112121   4.234446 -0.00006040886283020797
 33300   0.811230  23.291528   4.697409 -0.00006514030275184268
 33400   0.802975  20.420816   4.078417 -0.00024388716734513594
 33500   0.782346  17.796523   3.494992 -0.00003261966165624131
 33600   0.816585  21.192990   4.238824 -0.00040430955821957326
 33700   0.777514  17.201538   3.372779 -0.00015147844589247228
 33800   0.800292  17.716250   3.569456 -0.00000107254512471400
 33900   0.808637  18.531646   3.763549 -0.00017932467888170933
 34000   0.789467  18.722799   3.742349 -0.00000844413777834063
 34100   0.816596  20.829198   4.145682 0.00000000000206146211
 34200   0.790662  18.335632   3.635880 -0.00015044123013696620
 34300   0.826993  25.930001   5.269010 -0.00014758365656408756
 34400   0.803689  20.361522   4.183582 -0.00000000000798738853
 34500   0.789489  18.833768   3.768918 -0.00001947538878122046
 34600   0.778953  19.163308   3.739614 0.00000000000675282052
 34700   0.801360  20.350565   4.116958 -0.00300515758044728187
 34800   0.809541  22.871244   4.526694 -0.00023537199922607499
 34900   0.802936  21.481678   4.296197 -0.00013887524771405424
 35000   0.795059  20.394815   4.056738 -0.00008176501802470426
 35100   0.785058  17.571614   3.485679 -0.00010856077031773381
 35200   0.794560  18.006104   3.621171 -0.00000000000303446157
 35300   0.809183  20.918021   4.130740 -0.00012449467377084744
 35400   0.792024  18.307463   3.671306 -0.00001234929819471375
 35500   0.794825  18.761520   3.719537 -0.00000000000203437267
 35600   0.781091  17.434764   3.419858 0.00000000000269517741
 35700   0.778276  17.009904   3.329292 -0.00121899406434344826
 35800   0.789049  18.353650   3.620466 -0.00002226076025113599
 35900   0.787044  20.227808   4.044281 -0.00015374936578904652
 36000   0.799510  18.816263   3.759918 -0.00019903703472445855
