10000 
   100   0.574508   3.449782   0.547225 -0.10823333593404627084
   200   0.890675  26.516724   6.658089 -0.10367529471251124562
   300   0.934636  16.366347   3.506774 0.01528635586931592627
   400   0.754512  16.092717   3.123645 -0.13513026912316394856
   500   0.930241  30.719690   6.679313 -0.01757895018761690409
   600   0.897856  17.037447   3.262728 -0.00278295467236233662
   700   0.995939  76.237891  16.192325 -0.14436596480739893877
   800   0.947876  32.259141   6.691426 -0.00234588076210506813
   900   0.997599  89.378754  18.845677 -0.02317122704081953088
  1000   0.740881  13.484654   2.584909 -0.01762958431975647500
  1100   0.849531  21.715003   4.267971 -0.03554791686874381185
  1200   0.862494  24.073205   4.974179 -0.00095051742985852172
  1300   0.835221  20.252740   3.845909 -0.00211178714479576257
  1400   0.958951  55.742638  11.612794 -0.01352734804580890682
  1500   0.947588  64.865350  14.051843 -0.00231614714648920028
  1600   0.869732  18.572668   3.701767 -0.00115907813138571569
  1700   0.966793  61.508567  13.639197 -0.00123258347273846880
  1800   0.853825  21.122677   4.128866 -0.00179054245323317929
  1900   0.869254  19.135454   3.705487 -0.00074874131843571945
  2000   0.854476  29.119221   5.594304 -0.01114566881242140539
  2100   0.883165  38.531727   8.016879 -0.00138993469772863421
  2200   0.926682  40.606913   8.558098 -0.04318481136026086631
  2300   0.903221  27.782373   5.579602 -0.00103066864956069537
  2400   0.902507  30.612409   6.142194 -0.00579856615979768009
  2500   0.867925  38.748904   8.254212 -0.00705406585843704192
  2600   0.894924  41.323743   8.422701 -0.00098501041666132494
  2700   0.887413  50.494225   9.478306 -0.02208941117811846766
  2800   0.779146  18.498772   3.586633 -0.00741370260875751086
  2900   0.838468  28.751794   5.323076 -0.00096268747936711918
  3000   0.873958  26.406346   5.291233 0.00116120869144431538
  3100   0.868832  26.398148   5.550626 -0.00150080161729260197
  3200   0.876886  19.943746   4.016147 -0.00376437856941969073
  3300   0.875443  28.027269   5.435727 0.00013525594672270103
  3400   0.897931  39.915561   8.036330 -0.00548160416500031999
  3500   0.902306  37.633306   7.609580 -0.00310055525340846572
  3600   0.927409  36.003640   7.323009 -0.02773453762851918469
  3700   0.929954  54.708142  11.281880 0.00017417847813483434
  3800   0.932856  52.830826  10.818152 0.00173556894452886468
  3900   0.853479  22.530854   4.413718 -0.00001886628245628685
  4000   0.893701  37.035339   7.381124 -0.00742617665963418716
  4100   0.853724  23.802914   4.800984 -0.00023813257431815060
  4200   0.930411  35.926028   7.344327 -0.02050889636620656375
  4300   0.884551  28.543842   5.612582 -0.00325333269774041867
  4400   0.817531  27.719211   5.401113 -0.01043319382523488770
  4500   0.868014  28.704364   5.529552 -0.00082237606769464122
  4600   0.941372  50.264837  10.630974 -0.00113232085466918875
  4700   0.784859  16.696565   3.102810 -0.00204014075808123252
  4800   0.884579  35.282724   7.239862 -0.00044729838765888985
  4900   0.883911  40.070007   8.112124 -0.00000823616749379141
  5000   0.887380  25.236854   4.978056 -0.00369898850668626267
  5100   0.937790  54.512733  11.361898 -0.00026615010518860061
  5200   0.883230  34.682142   6.829078 -0.00730573627026220862
  5300   0.866853  39.405609   7.923754 -0.00197782283868974673
  5400   0.911517  35.101863   7.239725 -0.00165911940262830626
  5500   0.889575  40.901371   8.164755 -0.00064586876586325559
  5600   0.916976  38.490123   7.737912 -0.02197155121113691933
  5700   0.842633  38.461268   7.218097 -0.00182497210150156519
  5800   0.873256  31.995364   6.254975 -0.00067079645998990856
  5900   0.910885  44.275677   9.034435 -0.00080510569194380821
  6000   0.945791  43.521672   8.892674 -0.00025382667688411686
  6100   0.900123  49.082453   9.705911 0.00206865531264988078
  6200   0.909844  49.795904  10.042107 -0.00542159372397676975
  6300   0.895511  27.681300   5.526682 -0.00079011459854783084
  6400   0.896874  39.234427   7.913424 -0.00089605666140002427
  6500   0.908613  33.317157   6.707618 -0.00194487296739520588
  6600   0.882735  36.177209   7.261134 -0.00171505812235217547
  6700   0.897974  30.252640   6.055400 0.00035625924814386423
  6800   0.925574  54.131308  11.083926 -0.04483435579014383165
  6900   0.879242  36.598265   7.091561 -0.00001537636787674046
  7000   0.895044  31.305109   6.225072 -0.00017214006628218925
  7100   0.947776  50.430704  10.490807 -0.00019994102489206966
  7200   0.932611  63.299648  13.122909 -0.01176790922610138068
  7300   0.898273  56.456898  11.174750 -0.00062182686797029874
  7400   0.860700  25.509435   4.860523 -0.00005908759594586144
  7500   0.858714  30.735057   5.958616 0.00011251222886876633
  7600   0.955837  42.704618   8.715044 -0.00006980823740221354
  7700   0.874532  29.487365   6.030912 -0.00059472368879909254
  7800   0.900638  38.370668   7.565474 -0.00043494539935728938
  7900   0.881855  37.951385   7.408204 0.00047764074038791904
  8000   0.916567  64.055943  12.938637 -0.00066368731320665120
  8100   0.893928  41.111501   8.252610 -0.00014296216001596918
  8200   0.843541  33.213331   6.709269 -0.00225402759362225424
  8300   0.925455  65.034888  13.090371 -0.00279780545034213901
  8400   0.874806  31.276704   6.173189 -0.00023677286472967296
  8500   0.896017  31.886406   6.257579 -0.00341063248311979095
  8600   0.956731 116.598102  23.218321 -0.00639369269925893491
  8700   0.918693  51.318967  10.420172 -0.00288695542818473427
  8800   0.896555  31.109431   6.133165 -0.00034243985114557063
  8900   0.904065  36.972727   7.527029 -0.00045194968606399044
  9000   0.890743  39.221919   7.782970 -0.00040249171940764938
  9100   0.872349  24.060260   4.896491 -0.00016816578150624650
  9200   0.893443  43.694184   8.601078 -0.00002723097583334777
  9300   0.870060  28.184344   5.482487 -0.00285329864370620356
  9400   0.942512  65.863393  13.305325 -0.00048210114628588485
  9500   0.861515  35.457421   6.689349 -0.00277234622681898912
  9600   0.861622  24.618597   4.824068 0.00036172889484387127
  9700   0.875036  34.900769   6.973922 0.00096441163986327183
  9800   0.899428  47.212823   9.381441 -0.00331153867799827140
  9900   0.880615  39.568456   7.726598 0.00075665471681762853
 10000   0.915847  37.428896   7.639214 -0.00002367598002450677
 10100   0.847418  26.735714   5.013236 -0.00037214638438332059
 10200   0.920222  42.999818   8.932622 -0.00037933993134764421
 10300   0.921216  65.537128  13.100436 -0.00062690158951994590
 10400   0.895641  34.885056   7.120713 -0.00053480665220995149
 10500   0.862503  28.577766   5.607486 -0.00192161394231948890
 10600   0.885663  34.087459   6.698388 -0.00333497442847097147
 10700   0.827545  33.883251   6.408947 -0.00037091385789178588
 10800   0.913381  36.720227   7.519977 -0.00086924372488983437
 10900   0.893758  27.751176   5.518278 -0.00395136930127204522
 11000   0.898209  41.248481   8.262997 -0.00544820107170806978
 11100   0.900293  38.725554   7.922457 -0.00407119456973425997
 11200   0.848927  24.982321   4.843271 -0.01489828669367287972
 11300   0.894106  38.334573   7.592389 0.00010834060430919834
 11400   0.872653  30.775314   6.208143 -0.00091182010840817895
 11500   0.912423  37.378163   7.620273 -0.00812296761880393348
 11600   0.916456  40.952659   8.262997 -0.00167314784386363158
 11700   0.941857  74.626990  15.289719 0.00075369137326930513
 11800   0.909593  49.964187  10.041571 -0.00207763438049823890
 11900   0.916920  54.385716  10.935883 -0.00067272192165290789
 12000   0.895165  47.789518   9.548730 -0.00120827253375388466
 12100   0.894210  45.876722   9.084319 -0.00003002888912817525
 12200   0.874544  30.800132   6.124428 -0.00025353495415192384
 12300   0.919804  56.760590  11.549809 -0.00074035402090188995
 12400   0.890021  31.110741   6.198946 -0.00062220243898636340
 12500   0.893029  38.512140   7.799575 -0.00452551380589305552
 12600   0.912187  41.037273   7.961730 -0.00145474008179036218
 12700   0.906591  59.605542  11.939063 -0.00551270259736291734
 12800   0.860146  31.777596   6.091467 -0.00089384794019142788
 12900   0.922841  45.978812   9.058133 0.00137641348625372473
 13000   0.914386  46.701402   9.430060 -0.00003134911175273203
 13100   0.884882  47.094450   9.476047 -0.00036287488653208300
 13200   0.893920  37.062565   7.252257 -0.00021299881176073399
 13300   0.866064  33.831972   6.712737 -0.00023817863363984060
 13400   0.883472  33.781670   6.629848 -0.00043545351403206922
 13500   0.940613  51.294381  10.714471 -0.00035525933187585679
 13600   0.900985  47.089634   9.205811 -0.00090499246357111929
 13700   0.906074  58.102906  11.919175 -0.00252356608437409591
 13800   0.929080  57.435894  11.685490 -0.00146605197399374276
 13900   0.876393  35.090706   6.995128 -0.00786611922667468377
 14000   0.892957  61.934088  12.374732 -0.00323759271747725563
 14100   0.896778  44.911888   9.154370 -0.00001035617425593216
 14200   0.890565  37.546347   7.618171 -0.00215130379880346112
 14300   0.905441  40.178838   7.972380 -0.00157430210856368547
 14400   0.931679  78.228255  16.018085 -0.00240998430126992957
 14500   0.900387  35.352491   7.027906 -0.00114415893368047250
 14600   0.901326  42.840502   8.617092 -0.00382551883999049380
 14700   0.874249  33.747157   6.745121 0.00028087483860783635
 14800   0.885786  44.670156   8.902075 -0.00177375484189035149
 14900   0.962992  77.929582  16.066812 -0.00028032410367728744
 15000   0.875496  30.160887   5.987152 -0.00078976661711838148
 15100   0.862672  27.587935   5.495695 -0.00544895914682630433
 15200   0.872440  29.223672   5.755750 -0.00054476448673757005
 15300   0.865690  32.985312   6.470868 -0.00115193723326445507
 15400   0.884038  53.557299  10.407339 -0.00155640817335012116
 15500   0.893064  50.291382  10.275823 0.00015793334080171917
 15600   0.918433  52.403482  10.604573 -0.00041411273678804150
 15700   0.914830  66.242933  13.455718 0.00038578812563727638
 15800   0.909043  41.385851   8.180168 -0.00008576989928776868
 15900   0.869570  36.869397   7.250224 -0.00307636776806230472
 16000   0.879793  33.990205   6.740670 -0.00001293619643050192
 16100   0.914722  50.341610   9.917969 -0.00026630041148045791
 16200   0.913454  66.689890  13.448772 -0.00035575999065251551
 16300   0.906768  42.806603   8.734534 -0.00011340089984734902
 16400   0.912018  40.919441   8.355272 -0.00077720831902006182
 16500   0.907732  43.531059   8.750487 -0.00057520383948173048
 16600   0.897911  33.372473   6.564489 0.00056560021100704461
 16700   0.881731  34.882131   6.852867 -0.00032333367772618971
 16800   0.848958  27.386467   5.338847 0.00011615061371195168
 16900   0.893558  38.060486   7.609818 -0.00002689896257379587
 17000   0.884781  32.855232   6.569156 0.00004215141071828299
 17100   0.921470  48.737656  10.054299 -0.00104869681530317393
 17200   0.886741  34.755888   6.890372 -0.00018444148953999928
 17300   0.936381  58.571501  12.086506 -0.00021424838172023897
 17400   0.889505  34.236088   6.882436 -0.00019874085963156318
 17500   0.880109  37.673451   7.489954 -0.00168137385615985124
 17600   0.864867  32.170410   6.287804 -0.00004931897223858783
 17700   0.915635  49.762519  10.169270 0.00028540252407793787
 17800   0.912349  34.822575   7.033133 -0.00376603208607662054
 17900   0.919202  64.103513  12.866284 -0.00097409290192551623
 18000   0.887672  34.199244   6.759469 -0.00058102889274991298
 18100   0.889238  35.661552   7.120086 -0.00237351345241876288
 18200   0.934996  83.869689  17.192348 -0.00093831685003564758
 18300   0.900734  43.416512   8.656674 -0.00053119324103789722
 18400   0.914940  66.719704  13.806660 -0.00141767017197835798
 18500   0.888784  40.023151   7.948229 -0.00015299055836592856
 18600   0.868336  35.272366   6.928787 -0.00052571879198914928
 18700   0.941887 156.404640  31.891385 -0.00010602549623328628
 18800   0.885210  35.155507   6.965964 -0.00155874651931409147
 18900   0.897472  35.502028   7.148683 -0.00431849072882339868
 19000   0.909664  43.600887   8.765862 -0.00021131700420085053
 19100   0.875236  31.669143   6.277328 -0.00012665897361863188
 19200   0.904593  42.516866   8.476746 -0.00005408638683590539
 19300   0.889959  52.665123  10.492868 -0.00468227954715949579
 19400   0.924135  58.673608  11.819369 -0.00003641328572712155
 19500   0.878174  29.215043   5.828526 -0.00099892885473629178
 19600   0.895728  31.540266   6.361156 -0.00000072090671654479
 19700   0.901424  53.323372  10.496412 -0.00585631128712726934
 19800   0.901580  40.177283   8.059527 -0.00027981563464685166
 19900   0.856499  26.066322   5.112344 -0.00006113555714115648
 20000   0.884101  42.647601   8.424088 -0.00094580484327622116
 20100   0.900108  39.724061   8.004111 0.00000936380222427147
 20200   0.861481  31.683214   6.313849 -0.00083478138789772061
 20300   0.897615  34.979885   7.057849 -0.00016093882045620234
 20400   0.909457  44.968637   9.268512 -0.00516679801366315417
 20500   0.933002  53.065376  10.842181 -0.00386398991027725458
 20600   0.942029  76.766850  15.584536 0.00012039347234704678
 20700   0.894089  33.160536   6.667213 -0.00013750226569797519
 20800   0.912214  43.429046   8.844641 -0.00402661454403308028
 20900   0.859023  27.478697   5.412316 -0.00059298246908490171
 21000   0.921073  76.854717  15.721607 -0.00067255844302493983
 21100   0.891758  32.549073   6.481429 -0.00061865384562587167
 21200   0.918383  54.119170  10.922950 -0.00044261335104778254
 21300   0.889599  50.802174  10.141323 -0.00003120134844358802
 21400   0.932921  58.099276  11.888852 0.00022017274343966164
 21500   0.921729  41.413296   8.234494 -0.00000989929116101962
 21600   0.911229  46.812842   9.427520 -0.00006593986217495740
 21700   0.930859  54.922441  11.457827 0.00004434488054805286
 21800   0.914214  47.184469   9.628517 -0.00101032221463270844
 21900   0.897708  42.704233   8.397728 -0.00077123841430548623
 22000   0.903031  41.627288   8.315563 -0.00043390797276998683
 22100   0.927416  50.036586   9.916657 -0.00235980955561387873
 22200   0.906157  35.769691   7.174636 -0.00024805508730540993
 22300   0.887231  31.714249   6.311746 -0.00123868544250260726
 22400   0.887783  35.402631   6.974482 -0.00015195862027539420
 22500   0.886951  32.488013   6.442148 -0.00202994644917620093
 22600   0.910467  63.628554  12.705840 -0.00016342369420918601
 22700   0.929988  44.718933   9.216159 -0.00342701690810187642
 22800   0.908281  40.773363   8.188194 -0.00045687193182963881
 22900   0.945327 105.322953  21.408999 -0.00053585303319891864
 23000   0.901418  41.754994   8.314002 -0.00068854864683487449
 23100   0.892972  37.826785   7.704552 0.00000557001200007790
 23200   0.887706  33.698279   6.711933 -0.00012551684466188817
 23300   0.899145  67.000113  13.394129 -0.00014285630742527644
 23400   0.873566  29.993654   5.884662 0.00001005136442344678
 23500   0.887131  33.847543   6.696238 -0.00557587070181764233
 23600   0.913317  45.214184   9.157706 -0.00008183375523174163
 23700   0.915962  74.576707  15.034169 -0.00074696796458262327
 23800   0.911786  41.751249   8.444932 -0.00004718184075080956
 23900   0.882315  28.020979   5.596047 -0.00111443847496772719
 24000   0.913984  44.656929   9.150328 -0.00062101126979463572
 24100   0.914654  69.444630  14.032780 -0.00022218684874353301
 24200   0.905376  46.814685   9.280628 -0.00106019185216332801
 24300   0.901706  36.838170   7.405421 -0.00011248149302378607
 24400   0.904522  38.995649   7.754295 -0.00008585322436882592
 24500   0.948903  84.803963  17.172066 -0.00333311211458564571
 24600   0.904938  65.216853  12.975019 -0.00207413942082368408
 24700   0.907398  41.914758   8.496688 -0.00165623597454001015
 24800   0.895154  46.094636   9.157444 -0.00014741687914998636
 24900   0.874944  32.582140   6.550743 -0.00101518730695637771
 25000   0.893060  37.579015   7.534375 -0.00397550197017082496
 25100   0.894347  42.039705   8.295564 -0.00015937262692133913
 25200   0.910403  44.058175   8.905305 -0.00074036779310482359
 25300   0.911354  47.172319   9.527490 -0.00206460211668790805
 25400   0.910653  43.697624   8.892346 -0.00029241373320942898
 25500   0.893593  40.285049   7.955051 -0.00085112890044136691
 25600   0.901225  46.383122   9.465196 -0.00167130202704868225
 25700   0.918782  67.139868  13.412024 -0.00027494582625742225
 25800   0.917511  53.170924  10.568230 -0.00000634702829493961
 25900   0.881461  34.092478   6.732900 -0.00003512833669816473
 26000   0.896291  43.872819   8.808652 -0.00134756435886451698
 26100   0.901693  54.225018  10.871787 -0.00022527036962749492
 26200   0.900757  42.448701   8.613083 -0.00141076020837083149
 26300   0.920786  49.108395   9.960285 -0.00517137689190150240
 26400   0.895161  46.125404   9.261505 -0.00026620936328924927
 26500   0.873641  27.650648   5.456797 -0.00029333158494004863
 26600   0.888083  34.839553   6.930780 -0.00307728821590202983
 26700   0.904127  41.614519   8.395992 -0.00016625663016078818
 26800   0.938027  53.311702  10.926111 -0.00477694949709217553
 26900   0.896946  41.720879   8.231423 -0.00108320823171936809
 27000   0.905730  46.761806   9.274085 -0.00034015016333199810
 27100   0.898269  34.965375   6.934862 -0.00015203500270999371
 27200   0.897822  39.165337   7.712098 -0.00001742640521484873
 27300   0.886541  41.174056   8.127648 -0.00008064594484658016
 27400   0.886180  38.580602   7.797492 -0.00029531080988043357
 27500   0.906062  45.006090   8.926246 0.00031053193178109950
 27600   0.881211  36.898376   7.186904 -0.00025780116207396730
 27700   0.902549  43.557134   8.709816 -0.00003872541323701739
 27800   0.900361  48.753929   9.791010 -0.00011223133444104860
 27900   0.883386  34.977071   6.915132 -0.00004819496830688053
 28000   0.880809  30.046821   5.940663 -0.00002269408190969102
 28100   0.871922  36.981665   7.362027 -0.00008847459389205170
 28200   0.915103  41.243282   8.268119 -0.00101313874218789124
 28300   0.888954  39.793304   7.982061 -0.00331650355528267937
 28400   0.887982  48.071730   9.553406 -0.00000369602535776892
 28500   0.901167  41.125761   8.253549 -0.00046377374787986980
 28600   0.890365  37.784174   7.609523 -0.00015646433371774293
 28700   0.901364  43.916619   8.763272 -0.00015899947873343478
 28800   0.912084  50.338317  10.141061 -0.00001194401517778942
 28900   0.884873  37.688394   7.442523 0.00004313577724612827
 29000   0.905566  44.557812   8.989874 -0.00004833382652513762
 29100   0.907541  48.827534   9.716281 -0.00056584631178502320
 29200   0.909355  39.891159   8.031782 -0.00109570322961971556
 29300   0.888238  39.138027   7.702833 -0.00188176611200230326
 29400   0.904424  35.480378   7.213652 -0.00069124881715421083
 29500   0.891612  36.748611   7.263431 -0.00033651573093163023
 29600   0.885613  44.602432   8.889697 -0.00215985552500974620
 29700   0.879269  32.527017   6.402290 -0.00016553196078294974
 29800   0.883001  34.599960   6.923471 -0.00000393465669112913
 29900   0.923295  62.902037  12.813910 -0.00001326821316460780
 30000   0.882366  38.215918   7.737642 0.00019224101152648387
 30100   0.936898  57.703618  11.753448 -0.00006954322744512353
 30200   0.902662  44.787688   8.948205 -0.00043460512302750942
 30300   0.896088  50.593799  10.028409 -0.00018306476609986078
 30400   0.899096  44.074421   8.675318 -0.00038371097221201467
 30500   0.883684  42.500803   8.455220 -0.00034931679211958055
 30600   0.894121  31.241387   6.198254 0.00000321940886838235
 30700   0.909296  39.682490   7.957049 -0.00013071155661137368
 30800   0.921090  74.327639  15.252581 -0.00147790331306651979
 30900   0.895517  42.735923   8.562292 -0.00010586025021019907
 31000   0.895772  45.531664   9.135314 -0.00186283080671323376
 31100   0.883971  33.066359   6.555727 -0.00013098793819743548
 31200   0.903961  45.915814   9.135883 -0.00018689274657823773
 31300   0.889958  41.295060   8.219032 -0.00039982613750311202
 31400   0.887669  32.256101   6.364764 -0.00016609754114771391
 31500   0.906264  47.591946   9.685871 -0.00022294584652726712
 31600   0.879882  31.539461   6.222022 -0.00003455179801115094
 31700   0.874515  40.353152   8.013353 0.00000605129628006296
 31800   0.928729  53.444681  10.937538 -0.00013422182233924218
 31900   0.895199  39.928170   7.927957 -0.00010043743095877744
 32000   0.878286  32.900351   6.407324 -0.00001953201487214784
 32100   0.926588  50.885950  10.406206 -0.00084283790699046790
 32200   0.883045  38.001299   7.452716 -0.00002336733217500608
 32300   0.900548  44.684114   8.954545 -0.00164603163107202022
 32400   0.895418  42.985862   8.617032 -0.00004150095194788150
 32500   0.914391  51.395328  10.233164 -0.00004157119953873689
 32600   0.926060  54.598264  11.023355 -0.00013548837357824084
 32700   0.898195  44.118151   8.856814 -0.00054607945482487708
 32800   0.886423  32.725734   6.468134 -0.00018677885794371463
 32900   0.877616  33.857875   6.862166 -0.00202932357550889009
 33000   0.884083  39.343554   7.865992 -0.00033455771868773354
 33100   0.917368  41.187409   8.221871 -0.00067873229680692759
 33200   0.903677  46.811282   9.375061 0.00011474291998325725
 33300   0.883950  36.750535   7.293197 -0.00062585510787016574
 33400   0.908741  55.657727  11.168186 -0.00002015610352401609
 33500   0.912210  53.233291  10.625908 -0.00009224668389151702
 33600   0.907414  47.701492   9.480177 -0.00049500981549499556
 33700   0.908162  49.389237   9.898041 -0.00178986437808426047
 33800   0.885215  35.416352   7.083058 -0.00021220253582754367
 33900   0.918464  55.019033  11.232273 -0.00199689068797503921
 34000   0.920355  63.952982  13.020019 -0.00005598261360262313
 34100   0.895739  40.980808   8.055601 0.00004800903990087591
 34200   0.879731  31.318862   6.174802 -0.00014224647302185645
 34300   0.913310  53.730623  10.816287 -0.00032931277318937191
 34400   0.897906  35.260457   7.216497 0.00040299308730507022
 34500   0.920496  55.301091  11.284466 -0.00016248853620659531
 34600   0.902902  47.026629   9.315609 -0.00001303755285597674
 34700   0.909923  46.784440   9.514735 -0.00124718382956778839
 34800   0.898452  45.216256   8.902964 0.00003888192954271119
 34900   0.885149  44.353696   8.781489 -0.00028817174100836951
 35000   0.886815  38.394051   7.625604 -0.00274555540544785259
 35100   0.898381  44.413567   8.889004 -0.00003618768896274105
 35200   0.918867  46.938882   9.557120 -0.00000954171900957590
 35300   0.899913  38.854334   7.656715 -0.00078083906630066480
 35400   0.909447  38.675484   7.834360 -0.00015668456683481935
 35500   0.906738  58.147431  11.594979 -0.00010982452499064266
 35600   0.871325  38.873799   7.586440 -0.00050282496957532175
 35700   0.896865  47.237168   9.389482 -0.00105492751727709333
 35800   0.878331  33.525822   6.590723 -0.00019157884585396801
 35900   0.872675  26.275776   5.213432 -0.00000402904592089470
 36000   0.899526  44.520934   8.913067 -0.00101292196582392080
