10000 
   100   0.901640   9.816836   2.601034 -0.04951197477429358784
   200   0.840167  13.754287   2.918400 -0.03877149628662746039
   300   0.962846  19.983264   4.140353 -0.05613238719545865507
   400   0.953865  39.305452   8.542966 -0.20249664553995572192
   500   0.911552  30.748072   6.516889 -0.12469462700482925044
   600   0.662571  15.283982   2.477365 -0.01901878030084258597
   700   0.897708  21.712379   4.187101 -0.00028666854725489799
   800   0.996096  57.406354  12.023817 -0.03151696160749928310
   900   0.984922  44.919829   9.739273 -0.04326731782345305533
  1000   0.943138  39.148977   8.370754 -0.08542525881211915362
  1100   0.957049  28.812492   5.835036 -0.00604209289166846020
  1200   0.932263  29.423095   6.101304 -0.00398807522075284027
  1300   0.916313  28.757779   5.529296 -0.00104653189174275241
  1400   0.964639 109.187627  23.596926 -0.03439582781127015210
  1500   0.786201  16.097077   3.047660 -0.00005378394232558037
  1600   0.929053  30.759745   6.170758 -0.00041619925887559361
  1700   0.951465  41.368220   9.238874 -0.00813966626364859280
  1800   0.836657  25.588208   4.851271 -0.05313528712627224593
  1900   0.911832  34.770195   6.476983 -0.00125308160039061534
  2000   0.951418  64.267638  13.354480 -0.01318832492318300353
  2100   0.913316  30.882079   6.184054 -0.02177339935765232326
  2200   0.890938  31.095899   6.093001 0.00103135676830312661
  2300   0.932821  55.211994  10.919627 -0.00274580379857702894
  2400   0.927203  52.262145  10.273669 -0.00455305736215372292
  2500   0.951041  30.972084   6.585964 -0.00489562547122712743
  2600   0.914317  28.693849   5.820799 -0.01729538732180824212
  2700   0.919975  84.747207  16.402333 -0.04490239598809608879
  2800   0.889746  47.092517   9.257157 -0.02679643444429125054
  2900   0.845431  31.200122   5.851079 -0.00163324835700606741
  3000   0.909489  77.883825  15.548591 -0.00221277781177775523
  3100   0.968276  65.066448  13.955905 -0.00189743266522590659
  3200   0.984867  65.131109  13.860567 -0.00014751017462799609
  3300   0.918152  47.029055   8.992428 -0.00009749905871636599
  3400   0.868049  28.593945   5.598396 -0.00265318625661503660
  3500   0.919132  44.715932   8.782956 -0.01969442202820737009
  3600   0.942645  82.539084  16.690600 -0.00063737284180831466
  3700   0.945923  49.582002  10.104004 -0.01340453170138466987
  3800   0.849673  25.014605   4.870815 -0.00045034424202405887
  3900   0.952275  65.762756  12.914134 -0.00234598898270732548
  4000   0.950905  86.042311  17.757930 -0.03131809649875805235
  4100   0.942904  96.424922  19.464679 -0.00845100630027673105
  4200   0.953884  91.755140  18.958400 -0.00432855279711574781
  4300   0.947327  50.597948   9.929079 -0.00223865924304611497
  4400   0.850609  26.118971   5.032791 -0.00104691166027848226
  4500   0.933241  53.126909  10.462139 -0.00976508330409231462
  4600   0.914222  65.968107  13.362758 -0.00295462156771364448
  4700   0.863574  26.446576   5.136541 -0.00647402717046041687
  4800   0.888049  52.126929  10.599578 -0.03214396696269083975
  4900   0.948699  70.549867  14.345212 -0.00952621959766730697
  5000   0.912063  48.062207   9.399875 -0.00109260309461944871
  5100   0.901707  51.338320  10.216656 -0.01074236563172448200
  5200   0.873129  37.692367   7.222849 -0.01843463418931357012
  5300   0.948885  48.927907   9.887113 -0.00001709966437779542
  5400   0.886078  32.147188   6.392353 -0.00136596900571817059
  5500   0.968947  71.271893  14.701017 -0.00690948184138839849
  5600   0.980630  79.590438  16.144866 -0.00062287081572875991
  5700   0.957570  90.340139  17.450446 0.00053494407499954377
  5800   0.926981  38.780459   7.568318 -0.00055813121821746137
  5900   0.913119  63.039843  12.684162 -0.00928459506352474762
  6000   0.945621  59.535684  11.891496 -0.00571772383015023422
  6100   0.968571  87.410264  17.667011 -0.00132593383288437394
  6200   0.944067  47.005401   9.072404 -0.01025214408022812052
  6300   0.924531  67.622202  13.927261 -0.00505973874655474276
  6400   0.949310  68.022020  13.794591 -0.00112485735397882536
  6500   0.918511  43.135136   8.573344 -0.00059367151346734204
  6600   0.936521  63.802715  12.553167 -0.00436767390355363716
  6700   0.928109  45.840154   9.285830 -0.00535353111852288066
  6800   0.967210  65.893982  13.379842 -0.01214103662704779651
  6900   0.989683 124.362273  25.177072 -0.00178210180687443653
  7000   0.928655  51.003076  10.030830 -0.00220416252388133671
  7100   0.940568  65.255326  13.059322 -0.01012513949707027905
  7200   0.950809  53.474036  11.013058 -0.00110795192801305120
  7300   0.943834  53.145295  10.469660 -0.00651515156030235687
  7400   0.932964  66.098553  12.879830 -0.00938756780660199297
  7500   0.897220  99.636483  19.841792 -0.05893438216970992016
  7600   0.985790 156.075101  31.537982 -0.00561706867954825384
  7700   0.925041  73.754856  14.952187 0.00006622233671471633
  7800   0.931975  87.798631  17.521080 -0.00487767937568150955
  7900   0.920914  40.506592   7.874567 -0.00114454435816924160
  8000   0.959867  87.151064  17.620155 -0.00614767029744811566
  8100   0.972666  89.025583  18.233964 0.00020620332660925556
  8200   0.912730  46.375984   9.375772 -0.00122555674125557346
  8300   0.871826  35.410161   6.840251 -0.00286954345012357948
  8400   0.935996  66.322819  13.164363 -0.00545403567563340630
  8500   0.938188  54.673613  10.767173 -0.00031231200745907017
  8600   0.933611  57.800808  11.081693 -0.00127634621578032181
  8700   0.916204  63.800908  12.342175 -0.00000040581759463976
  8800   0.971288  76.178903  15.313171 -0.00917626164528151378
  8900   0.923971  39.322392   7.880613 -0.00153789271421977958
  9000   0.900462  57.242236  11.113526 -0.00418875709985044864
  9100   0.903743  32.549491   6.392173 -0.00326519781509038154
  9200   0.916615  35.471509   6.990037 -0.00016404671742087373
  9300   0.958774  73.432822  15.039309 -0.00257559185282296710
  9400   0.963846  67.188804  13.358602 -0.00053416365380520858
  9500   0.959942 111.368676  21.253158 -0.00067431587881827681
  9600   0.924470  39.980234   7.948866 -0.00136986029794350372
  9700   0.947390  97.384123  19.663810 -0.00376660851182109013
  9800   0.961239 122.644364  24.794251 -0.03497494263328349007
  9900   0.922856  52.714384  10.381509 -0.00162736585762246477
 10000   0.901065  47.625980   9.200253 -0.00108680732733290597
 10100   0.895423  47.005221   8.973932 0.00105428421243480841
 10200   0.999961 175.693166  36.287473 -0.00522343029300031958
 10300   0.958816  75.085377  15.103412 -0.00114144080849420959
 10400   0.925195  44.947942   8.943146 -0.00322348405079431188
 10500   0.957406  81.167176  16.723577 -0.00459104312837865791
 10600   0.890851  38.121977   7.259519 -0.01242739505701795366
 10700   0.929538  66.495677  13.074931 -0.00048062927974434899
 10800   0.946829  65.205814  13.178671 -0.00135569241875188595
 10900   0.896156  44.095785   8.636950 -0.00016022995199094225
 11000   0.925259  40.139581   7.912826 -0.00561880307026463299
 11100   0.922188  50.653229  10.151628 -0.00183488970672485152
 11200   0.925620  72.189649  14.371256 -0.00221914743883999677
 11300   0.953081  73.995492  14.897193 -0.00012938620223046371
 11400   0.907421  32.091907   6.420452 -0.00074444949795715587
 11500   0.932002  60.826283  12.109186 -0.00317840637677413440
 11600   0.966203 149.689107  31.008056 -0.00081689008047547418
 11700   0.951794  75.680902  15.016528 -0.00322016880501863056
 11800   0.945565  65.531558  13.049186 -0.00159082148589639871
 11900   0.907841  50.999470   9.783708 -0.00047588514818919236
 12000   0.890821  51.607394  10.217976 -0.00458832667444397657
 12100   0.991521 201.543782  41.349692 -0.00842498645731382112
 12200   0.959272  97.149515  19.406789 0.00077516342388506132
 12300   0.898502  29.750897   5.938212 -0.00471095463399962000
 12400   0.944551  69.765805  13.948629 0.00109414289770093376
 12500   0.921447  73.045821  14.579887 -0.00005923521647943630
 12600   0.920845  62.600508  12.102214 -0.00055118136912568616
 12700   0.940190  61.082585  11.821761 -0.00036487931297024545
 12800   0.963358 184.378050  36.298964 -0.00046481478719329061
 12900   0.944818  61.105258  11.988957 -0.00472602542619604549
 13000   0.931682  49.504690   9.601871 -0.00203921517898564275
 13100   0.933090  73.647652  14.994489 -0.00489508883089229130
 13200   0.946404  82.628327  16.362831 -0.00008142420083956381
 13300   0.940715  87.631281  17.591435 -0.00070897379096379609
 13400   0.948943 102.305506  20.038703 -0.00248702383303367469
 13500   0.955297 141.689854  29.232856 -0.00773215742981037124
 13600   0.919519  45.708571   8.995003 -0.00555186260381468344
 13700   0.937629  52.281847  10.325896 -0.00453927850055890758
 13800   0.944321  86.213978  17.598681 -0.00021574946625690927
 13900   0.950808  99.345838  20.153364 -0.00169060387617037122
 14000   0.946371  65.948973  12.968047 -0.00034744369700767663
 14100   0.958230  67.489578  13.837424 -0.00511869284243005040
 14200   0.919804  44.242958   8.898926 0.00048301872450373651
 14300   0.919723  38.719221   7.602037 -0.00371806689981468708
 14400   0.931837  79.230470  15.799378 -0.00269923613195466316
 14500   0.929612  48.264766   9.484283 -0.00224009707566530381
 14600   0.933868  83.947595  16.740104 -0.00341682856329583728
 14700   0.963085  73.714715  15.088804 -0.00014669011418178002
 14800   0.952419  76.571069  15.277850 -0.00014727700182604053
 14900   0.938577  52.423218  10.528759 -0.00162267670763682759
 15000   0.966568 113.909644  23.047137 -0.00058085475612656978
 15100   0.955379  79.940231  16.075709 -0.00233621273385153927
 15200   0.950172  64.373929  13.111237 -0.00071558467439558626
 15300   0.943316  65.687579  13.004086 -0.00033784163766803488
 15400   0.931693  61.753778  12.149829 -0.00042685561280464412
 15500   0.958391  68.918753  13.941669 -0.00215106319268087987
 15600   0.907099  48.863906   9.549781 -0.00060688559365296157
 15700   0.948095  73.479737  15.151720 -0.01693184565508332184
 15800   0.938804  85.935038  16.989910 -0.00673499392765464222
 15900   0.968276  80.407646  15.823260 -0.00035742952501571779
 16000   0.944993  85.691664  17.251207 -0.00495172222599649103
 16100   0.913092  57.873476  11.247349 -0.00023477182414666231
 16200   0.975959 127.466523  25.861712 -0.00140326095042198062
 16300   0.929286  48.039786   9.597035 -0.00208087970139203549
 16400   0.941682  70.992852  14.484192 -0.00008104762259009135
 16500   0.938034 117.432801  23.431966 -0.00477388320217997375
 16600   0.939771 143.912184  28.244878 -0.00005585989077872000
 16700   0.942428  59.877390  11.742910 -0.01743988550951591776
 16800   0.957006 105.756582  21.214314 0.00004736361914936538
 16900   0.944635  67.133349  13.614827 -0.00648972603449493590
 17000   0.918423  56.055340  11.029456 -0.00025604608471496704
 17100   0.983227 178.639696  37.089238 -0.00722737987282329186
 17200   0.936375  48.132871   9.669689 -0.00165993906758465926
 17300   0.982394 147.269826  30.386870 -0.00349305038116298761
 17400   0.937029  64.792238  12.868646 -0.00043250370475966804
 17500   0.942964  81.583675  16.556513 -0.00264185143972639480
 17600   0.902887  41.209778   8.089594 -0.00484927122654887910
 17700   0.947226  75.517385  15.052319 0.00004025089928383352
 17800   0.929252  68.084631  13.689237 -0.00036410146238452512
 17900   0.972722 134.476817  27.014972 -0.00059413860470058921
 18000   0.923790  50.825709  10.053533 -0.00148650783391524044
 18100   0.923061  49.933393   9.859385 -0.00039086222152917571
 18200   0.916168  55.479188  10.885201 -0.00944868743227011976
 18300   0.949371  93.833504  18.679139 -0.00039429502654542148
 18400   0.976422  85.059358  17.459828 -0.00045462818390618054
 18500   0.958198  64.555061  13.268833 -0.00159415400389306683
 18600   0.949432  69.922994  13.890517 -0.00009955777927928011
 18700   0.932576  84.491295  16.824062 -0.00190518001944894877
 18800   0.963819 116.508613  23.261571 -0.00296751759438507179
 18900   0.947496  78.011423  15.655621 -0.00032250133943101389
 19000   0.935807  70.183978  14.170539 -0.00293057428619469817
 19100   0.960187  89.214761  17.698255 0.00010206225404019165
 19200   0.961467  84.655279  17.085263 -0.00011281656125916584
 19300   0.934017  52.453475  10.326814 -0.00353056065492474147
 19400   0.938073  75.934566  15.120309 -0.00006377941649482466
 19500   0.950347  66.526677  13.383257 -0.00054583865479784777
 19600   0.977028 213.455645  43.822960 -0.01168156746468440588
 19700   0.975851 142.252637  28.732007 -0.00013746236241019005
 19800   0.954564  86.849918  17.355420 -0.00140469632645334741
 19900   0.948490  73.507660  14.689619 -0.00083128201071680508
 20000   0.942883  57.599142  11.462036 -0.00019292098103917965
 20100   0.968569 166.693973  34.059274 -0.00103140939251744612
 20200   0.968854 145.732890  30.058408 -0.01162590256038242842
 20300   0.939466  90.118645  18.380816 -0.00250005050742885260
 20400   0.990765 190.772492  39.388603 -0.00030510197971267417
 20500   0.944920  97.681443  19.440955 -0.00003514705488427694
 20600   0.962567 226.342226  45.417086 -0.00518422591166256552
 20700   0.942513  66.048447  13.341209 -0.00249115999342564010
 20800   0.946802  97.277718  19.710355 -0.00709061305757430205
 20900   0.945251  70.928405  14.169119 -0.00298758852241221007
 21000   0.936667  91.155315  18.592311 -0.00337314340272243385
 21100   0.931400  61.874158  12.075691 -0.00003361155079062428
 21200   0.967357 121.779039  24.778680 -0.00220519457954537756
 21300   0.983119 249.482470  50.995979 -0.00151697337175704661
 21400   0.950555  62.279379  12.598206 -0.00027241729828375583
 21500   0.935444  62.620519  12.177465 -0.00004100962487108006
 21600   0.905570  59.059845  11.688923 -0.00000481353460202172
 21700   0.933655  57.863142  11.705456 -0.00049796364929477477
 21800   0.965134  87.469964  17.629721 -0.00069310034972858148
 21900   0.917531  53.705205  10.565357 -0.00647549643532130403
 22000   0.933408  57.959544  11.477204 -0.00405523788079165115
 22100   0.913835  56.739955  10.826899 -0.00504107457306623985
 22200   0.940038  67.048688  13.307837 -0.00525396086712071053
 22300   0.914777  60.965845  11.914603 0.00029115229641440976
 22400   0.960967  82.655391  16.740671 -0.00073515139213853331
 22500   0.937527  58.717023  11.515647 -0.00071837425397447419
 22600   0.979269 125.702165  25.417918 -0.00061735413659036453
 22700   0.928255  78.928822  15.795736 -0.00045965772429568119
 22800   0.961944 130.182137  26.379184 -0.00553763725250533412
 22900   0.951490  79.865080  15.896358 -0.00690726027820609545
 23000   0.932210  98.253493  19.471182 -0.00009750628407800832
 23100   0.936652  72.209219  14.519877 -0.00011523171405869448
 23200   0.906442  41.193459   8.134650 -0.00816051221114300063
 23300   0.931432  56.155801  11.156980 -0.00187681183442478527
 23400   0.939274  84.933934  16.661770 -0.00197752257756178551
 23500   0.946556  83.522316  16.725700 -0.00008765910763841589
 23600   0.953316  66.166180  13.403960 -0.00029889344274280916
 23700   0.940498  82.134070  16.376750 -0.00154584559860637683
 23800   0.954345  76.354940  15.254597 -0.00034985317637215019
 23900   0.946161  68.912954  14.069429 -0.00150006660243207079
 24000   0.958333 145.041197  29.049602 -0.00094070473407725785
 24100   0.929039  57.929484  11.727299 -0.00282082437600195135
 24200   0.941762  73.899333  14.690953 -0.00035700120417736514
 24300   0.939046  71.027734  13.913161 -0.00009029200235488588
 24400   0.945857  81.828321  16.446638 0.00048729979545214519
 24500   0.989318 167.516983  33.576042 -0.00256623440412084847
 24600   0.942474  77.730409  15.419604 -0.00008668654871080150
 24700   0.935761  56.920522  11.254682 -0.00037140910942845551
 24800   0.962719  91.858459  18.403110 -0.00191778728371616580
 24900   0.963724  92.378341  18.758649 -0.01010758984932635940
 25000   0.971021 120.828022  25.016664 -0.00440295151698677500
 25100   0.948982  62.355348  12.406699 -0.00226379631558160099
 25200   0.952814  93.483941  18.904145 -0.00038552687274773234
 25300   0.939500  65.934022  13.051322 0.00003364186457588403
 25400   0.941258  63.636618  12.796837 -0.00063685717429784461
 25500   0.917162  59.818890  11.708932 -0.00149512976908106054
 25600   0.966300 103.907370  21.283792 -0.00098299619439501384
 25700   0.956205  75.410654  15.125917 -0.00022773882926507838
 25800   0.933154  93.982574  18.278949 -0.00394007484414871101
 25900   0.961159 135.765686  27.589237 -0.00946352763345714720
 26000   0.939874  59.431861  11.801610 -0.00018605513592184764
 26100   0.923277  53.807027  10.649054 -0.00308831794645492153
 26200   0.899769  41.474163   8.159886 -0.00039315436282905125
 26300   0.941846  67.605601  13.710562 -0.00077900423183940859
 26400   0.954819  83.501198  16.836015 -0.00023011833400232717
 26500   0.917487  54.861347  10.754881 -0.00001281613276304938
 26600   0.946049  57.811861  11.429569 -0.00022665316856596007
 26700   0.946372  71.419349  14.468605 -0.00250695958829005860
 26800   0.982010 225.511266  46.256376 -0.00709189881321492521
 26900   0.942699  83.523130  16.408952 -0.00070362989830030642
 27000   0.965885  90.695615  18.370213 -0.01412453231857568881
 27100   0.935353  62.487611  12.162862 -0.00262327090178615663
 27200   0.945778 102.255376  20.167591 -0.00153004804175083109
 27300   0.952629 100.953317  19.882521 -0.00121484671904781294
 27400   0.909140  48.457724   9.595700 -0.00034419078070868636
 27500   0.973682 144.415699  29.522721 -0.00109924482768519738
 27600   0.952105  86.063323  17.146547 -0.00063448161932555536
 27700   0.963514 105.360817  21.190590 -0.00328930860356635435
 27800   0.958970 140.362159  27.950969 -0.00028709284280026282
 27900   0.956376 151.182781  30.350240 -0.00011008665260803241
 28000   0.953215  72.515578  14.619631 -0.00002765243477220736
 28100   0.908466  53.247811  10.349021 -0.00114077857984185016
 28200   0.926717  54.511872  10.867559 -0.00002094136660346635
 28300   0.920742  46.006990   9.080288 -0.00080934579464120304
 28400   0.947395  77.607312  15.560274 -0.00217795410523535793
 28500   0.946733 100.974681  20.388290 -0.00150924335675739485
 28600   0.983419 328.978221  68.186677 -0.01303858298759053014
 28700   0.952309  87.457669  17.716688 -0.00034661322846929465
 28800   0.902502  52.644721  10.082929 0.00000231030178277081
 28900   0.982930 190.907345  38.762775 -0.00000337198819977402
 29000   0.940509  68.196750  13.765790 -0.00289835170470631454
 29100   0.976442  98.391218  19.881659 -0.00283437239085060355
 29200   0.956248 170.805736  34.535364 -0.00015200946270255145
 29300   0.978581  95.581741  19.174158 -0.00090960975258269627
 29400   0.937666  69.028610  13.704171 -0.00059098384375921853
 29500   0.937187  50.720490  10.155982 -0.00015164976611359293
 29600   0.952483  90.038325  18.050108 -0.00014247329043115542
 29700   0.961037 112.176966  22.484163 -0.00033135366696157575
 29800   0.962325 105.902803  21.468256 -0.00016083087098550664
 29900   0.943487  59.182080  11.764796 -0.00036433296678772820
 30000   0.948760 139.446452  28.474254 -0.00071176300953013083
 30100   0.947876  69.503985  14.053524 -0.00198283674187216263
 30200   0.955220  63.833624  12.648299 -0.00005899916689955376
 30300   0.948128 101.830333  20.584034 -0.00048030951881727901
 30400   0.935001  61.548183  12.020053 -0.00006373284361949061
 30500   0.979284 173.395841  35.150801 -0.00023173562860989705
 30600   0.928580  59.432256  11.700432 -0.00150753706126849352
 30700   0.966516 171.596451  34.805467 -0.00010619655648724802
 30800   0.960484  57.465463  11.566635 -0.00108769000870090338
 30900   0.957754  91.058520  18.364585 -0.00035628942350385273
 31000   0.949481  65.214044  13.160662 0.00004671526738597720
 31100   0.951855  77.906310  15.569185 -0.00456164427942873374
 31200   0.954704  59.962047  12.011604 -0.00002385610252453318
 31300   0.954224 100.150354  20.050436 -0.00203231587384067325
 31400   0.955279  78.089417  15.597433 -0.00055518490984773905
 31500   0.954357  86.735381  17.596573 -0.00382552365657318205
 31600   0.947184 108.713990  21.788520 -0.01276378972093539232
 31700   0.958507 108.698007  22.020490 -0.01057249988421204989
 31800   0.950937  81.130855  16.251365 -0.00031871333325028672
 31900   0.957126 106.996638  21.686932 -0.00085052748007896639
 32000   0.947842  66.098660  12.907853 0.00002443854904221610
 32100   0.944159  93.648703  18.858059 -0.00004712007581986200
 32200   0.945569  85.606369  16.905133 -0.00079580133748891058
 32300   0.942120  70.610905  14.107822 -0.00124201511638055706
 32400   0.958641  99.560624  20.105008 -0.00070668439042620435
 32500   0.938248  57.901150  11.480640 0.00017820862313477903
 32600   0.933523  72.199592  14.082599 -0.00075124506527934898
 32700   0.964892  67.483780  13.675487 -0.00081324343545929878
 32800   0.965590  95.841868  19.369057 -0.00385747139506520398
 32900   0.937828  57.215644  11.592683 -0.00000652699832492942
 33000   0.948861  97.326512  19.729726 -0.00101210297909304359
 33100   0.936810  74.108681  14.523318 -0.00064025736232053987
 33200   0.969251 102.499360  20.812455 -0.00232447720783568457
 33300   0.959211  92.877565  18.647369 -0.00623866171991593887
 33400   0.927017  48.262826   9.591863 -0.00001243852869237116
 33500   0.932691  67.160272  13.106574 -0.00070496095944605486
 33600   0.918947  60.335162  11.852212 -0.00472509799989140333
 33700   0.972200  83.621827  16.878151 -0.00005889936215552893
 33800   0.965127 115.417254  23.270164 -0.00109571630198956882
 33900   0.959655  92.215395  18.670869 -0.00342882428092750047
 34000   0.950621  59.849422  12.177758 -0.00159943803066475709
 34100   0.948150  96.915981  19.061082 -0.00379819455195473665
 34200   0.932966  74.364918  14.748950 -0.00009196549206791360
 34300   0.945513  59.762272  11.976734 -0.00011330313401458625
 34400   0.934753  53.261594  10.622303 -0.00059777038869768262
 34500   0.937963  65.356492  13.235990 -0.00011999575501953075
 34600   0.958880  91.029544  18.366415 0.00002030915186423954
 34700   0.929609  52.069489  10.256131 -0.00170834114384987856
 34800   0.955483 110.979033  22.434934 -0.00005151459590635454
 34900   0.963102 103.784943  20.542759 -0.00011778418279817515
 35000   0.983023 162.763733  32.966214 -0.00041807699999196757
 35100   0.957197  85.287639  17.188303 -0.00043686108893936648
 35200   0.939328  61.850193  12.367923 -0.00035885666718193932
 35300   0.939553  64.354989  12.756118 -0.00002490658699549897
 35400   0.961380  93.527687  18.689324 -0.00036099812076528792
 35500   0.937109  72.151363  14.368330 -0.00300156658451022906
 35600   0.933903  51.351723  10.088393 -0.00164350401036550409
 35700   0.963359 137.877788  27.588403 -0.01418929557530290708
 35800   0.944421  56.729037  11.306768 -0.00100883719723832144
 35900   0.929829  83.277665  16.475288 -0.00162753776843871378
 36000   0.959565 102.208422  20.602512 -0.00100274043136394653
