10000 
   100   0.902945  18.715184   5.375364 -0.05203979849398976398
   200   0.990140  34.251395   8.866442 -0.21017801866229390839
   300   0.913431  19.894176   4.028695 -0.01645420122809859720
   400   0.961236  44.096574   8.894144 -0.14565409495596171041
   500   0.895382  50.629271  11.115505 -0.22545146941046212419
   600   0.838991  23.752264   4.118178 -0.03846841430527714323
   700   0.961172  40.048103   7.844886 0.00689962706757007993
   800   0.978792  45.411758   9.455348 -0.02435677597780916415
   900   1.000000 123.909742  26.969500 -0.01528831530945140571
  1000   0.961943  92.037777  20.246625 -0.09372384971171499046
  1100   0.871451  14.700875   2.747386 -0.00568728470136870001
  1200   0.930161  30.672103   6.421366 -0.09645610312723817970
  1300   0.942142  35.517307   6.853171 -0.00440132639227019951
  1400   0.996127 111.490580  22.938248 -0.07659295654878306436
  1500   0.979085  57.088818  11.948622 -0.19226617240368781836
  1600   0.942318  34.725646   6.916199 -0.02892996755407306608
  1700   0.970940 101.993468  22.616778 -0.00177338407646843166
  1800   0.920995  65.515772  13.230612 -0.16372366467592236461
  1900   0.964588  60.043862  11.556851 -0.00949268922868817810
  2000   0.937847  70.923618  14.359764 -0.00226835566927441334
  2100   0.958442 113.077056  23.099283 -0.00074375811619020737
  2200   0.881367  42.087955   8.183506 -0.04277583008668273123
  2300   0.981770  99.767929  20.036204 -0.00413671243400415278
  2400   0.927035  66.445876  13.175406 -0.03071167419695264300
  2500   0.939687  65.106531  13.647663 -0.05075105227594711721
  2600   0.983075  91.868986  19.468498 -0.03599475263176188378
  2700   0.910573  41.249456   7.501221 -0.00006872353109432794
  2800   0.914487  77.908896  15.555031 -0.11022235651051914829
  2900   0.955221 164.861828  33.756690 -0.06840892327202396928
  3000   0.991327 115.963713  24.152939 -0.04482248453485127015
  3100   0.953508  65.227044  13.516856 -0.01249544580053019160
  3200   0.983014 103.766144  21.904360 -0.01623760664727669223
  3300   0.933618  43.976235   8.395102 -0.00036139275732338660
  3400   0.947754  77.991640  15.391860 -0.00002005296351192953
  3500   0.973932 247.112724  49.695455 -0.08010836496107742732
  3600   0.918237  52.802597  10.420260 -0.03758803353118977952
  3700   0.945672  92.970778  18.716140 -0.00365150983462925183
  3800   0.976085  60.667461  12.420713 -0.00015149194519636922
  3900   0.981356 114.216787  22.694350 -0.00257559273735097349
  4000   0.992958  72.333003  14.607392 -0.00387449099642722672
  4100   0.980762  95.682113  19.274901 -0.00154454769245759849
  4200   0.962922  71.006141  14.650243 -0.02435971482050192094
  4300   0.937029  58.810655  11.412222 -0.03534012429202171290
  4400   0.966185 138.467015  28.121389 -0.01259032072169219418
  4500   0.976431 117.799865  23.539040 -0.02093328642347103141
  4600   0.956679  62.937339  12.839858 -0.00756870294312328440
  4700   0.975202 112.262267  22.970434 -0.00750189479922624969
  4800   0.961525  62.517111  12.931915 -0.00131242317590007929
  4900   0.970151 208.504576  41.954425 -0.00180193722787436172
  5000   0.989558 162.112433  33.381929 -0.01323171339366524535
  5100   0.967152 172.037245  35.668529 -0.02076620428373843197
  5200   0.957157  78.333687  15.621529 -0.00001545868368246772
  5300   0.936624  82.982302  16.442492 -0.01305516457695432564
  5400   0.915398  43.242163   8.584100 -0.00027007390882616278
  5500   0.971899 147.897807  31.109317 -0.00300312004342728756
  5600   0.919906  45.797525   8.758018 -0.00075874408880061139
  5700   0.997577 226.435776  45.054497 -0.03403021899035962861
  5800   0.998799 293.985450  60.446008 -0.07444459367868461186
  5900   0.961470  80.828520  16.200971 -0.00583236937263720279
  6000   0.969269  57.532297  11.465098 -0.00300621855399008098
  6100   0.986865 191.670013  38.757845 -0.01605621787040689696
  6200   0.958121  66.669437  12.685294 -0.00340542277083422107
  6300   0.984642 156.148296  32.700837 -0.01594896728367700689
  6400   0.965401 128.045916  25.940217 -0.08911637941371708393
  6500   0.995075 228.161635  48.049327 -0.00502306495119597685
  6600   0.968745 104.239875  20.199980 -0.00044408244601257252
  6700   0.997182 159.922781  33.645491 -0.00990015138329169986
  6800   0.933766 116.558472  22.963946 -0.02207041032659518009
  6900   0.988940 165.309754  33.060663 -0.00128798403557794927
  7000   0.980874 125.277677  25.018008 -0.00173334765609567398
  7100   0.988378 171.510277  34.855816 -0.00183569660497084897
  7200   0.981264 148.390735  30.909249 -0.02609759358916363681
  7300   0.917243 101.937292  19.807907 -0.06288298798130753653
  7400   0.968977  51.306362   9.951781 -0.00442687241634232009
  7500   0.999144 315.589252  65.024857 -0.07068564727251214208
  7600   0.972553  83.796959  16.161261 -0.00273141777713803435
  7700   0.976070  98.394480  20.318620 -0.02475803987585578625
  7800   0.945791  75.537342  15.088341 -0.01912725867890330278
  7900   0.898789  40.244952   7.549660 -0.00008918070508556752
  8000   0.970706 101.406695  20.019634 -0.00818831556426857787
  8100   0.991870 256.497918  52.518156 -0.01641798675932193419
  8200   0.978588 219.931479  46.373083 -0.00027394438295402779
  8300   0.965175 182.938396  36.213060 0.00007421038817057024
  8400   0.965378  71.520202  14.012283 -0.00227094248517545338
  8500   0.962588  81.247285  16.018939 -0.00111400871660904954
  8600   0.985548 235.632186  47.211729 -0.02430452322568044110
  8700   0.997307 185.935785  36.383923 -0.01247243509644846426
  8800   0.960292 177.153135  35.685690 -0.04690297178878921613
  8900   0.964343 100.177385  20.018734 -0.00548746319127957349
  9000   0.986648 200.215245  40.438765 -0.00471451927087684908
  9100   0.973326 171.172497  34.044088 -0.00230979262339303659
  9200   0.961406 138.594253  27.617608 -0.01085532057684091001
  9300   0.950228  48.570038   9.723644 -0.01125414049137241079
  9400   0.950870 113.746197  22.555595 -0.00003377273040428008
  9500   0.977455 186.419565  35.323979 -0.05649221048262376144
  9600   0.920574  51.105184   9.994312 -0.00313940492231168378
  9700   0.967681  85.037514  16.893056 -0.00047889350061680602
  9800   0.966195  79.627365  15.860397 -0.00007455558328572920
  9900   0.983641 105.446407  21.001020 -0.00305245859230396377
 10000   0.977035  93.143183  18.551275 -0.00284745171329703339
 10100   0.967460 127.399385  24.886982 -0.00004596791586308768
 10200   0.986652  93.010917  18.540717 -0.01587324232868780882
 10300   0.996916 292.499739  60.399066 -0.00355036490307014674
 10400   0.992438 210.967262  42.412792 -0.00379922138869659420
 10500   0.994733 215.510879  44.374390 -0.00032622982346453000
 10600   0.957137  93.209421  18.324892 -0.00043154967274006140
 10700   0.994708 221.045439  44.096437 -0.00935862826795386127
 10800   0.925549  52.101554  10.173669 -0.00060718275968696389
 10900   0.941206  70.256125  13.831271 -0.01369732208689455888
 11000   0.961013  73.218221  14.527466 -0.00302265827750858307
 11100   0.981236 224.694175  46.024158 -0.00778364372218476319
 11200   0.996590 372.685578  76.164813 -0.00280240382900842633
 11300   0.962346  54.057167  10.825915 -0.00465310236221228024
 11400   0.988488 129.128162  26.275504 -0.00321004833817184476
 11500   0.951586  56.954468  11.274886 -0.00705094518410120941
 11600   0.970650  85.193960  17.338566 -0.00134277642931479591
 11700   0.974794  72.701367  14.415959 -0.00003894216038347054
 11800   0.958032  67.579677  13.222486 -0.00136812770151095719
 11900   0.979934 152.956567  30.317594 -0.02950343189276338762
 12000   0.966953  93.246751  18.827220 -0.00862397272808834714
 12100   0.990557 358.238247  71.893313 -0.02079492264989823980
 12200   0.973746 119.457410  23.721677 -0.00334780789690114489
 12300   0.993898 268.689670  55.112929 -0.00121997289583930524
 12400   0.997704 237.064765  47.985015 -0.00148132177710635915
 12500   0.995407 374.189121  77.741357 -0.06004499464059165348
 12600   0.994440 556.942196 111.510560 -0.01048498696985689094
 12700   0.973907 151.097305  29.381600 -0.00504103525668497809
 12800   0.934290  60.415121  11.512428 -0.00892480630114178553
 12900   0.969093 100.322837  19.573532 -0.00886405354783192934
 13000   0.989414 121.374536  23.954372 -0.00309402708413841765
 13100   0.987653 169.147032  34.590648 -0.00056601804892864038
 13200   0.980382  94.501015  18.649857 0.00022494268179684695
 13300   0.959574  83.918648  16.839485 -0.00103165795938409133
 13400   0.987213 119.908374  23.659505 -0.00002751660482402940
 13500   0.976039 131.367109  26.798799 -0.00009091164972829802
 13600   0.985475 185.196744  37.068852 -0.01134885122770157295
 13700   0.981736  86.976112  17.323409 -0.00197805213880641872
 13800   0.973801 126.366593  25.954320 -0.01493026875289160671
 13900   0.981450 188.605182  37.759622 -0.00212101709823997453
 14000   0.971964 133.979714  26.474451 -0.01525238377819704283
 14100   0.976809 139.277113  28.072374 -0.00036028278433875016
 14200   0.999033 234.872951  48.198490 -0.00008565280368344474
 14300   0.969633 117.587269  23.491239 -0.00154578430847251980
 14400   0.963661  90.973203  17.830658 -0.00388043716725405829
 14500   0.979995 337.844174  68.578400 -0.01561733610577675790
 14600   0.990425 132.833313  26.998232 -0.01424133827690710064
 14700   0.982318 204.894939  41.820816 -0.00841641496201361861
 14800   0.978339 151.696728  30.296106 -0.00224049529326109109
 14900   0.959867 134.747125  26.731855 -0.00052798543718068913
 15000   0.990638 170.918626  34.159626 -0.00131046551927482824
 15100   0.941703  77.006471  15.275458 -0.00854170528273456853
 15200   0.987076 128.107100  25.975092 -0.00030841477089538216
 15300   0.981452 218.809010  43.994087 -0.01083599300829973799
 15400   0.979045 314.870938  63.035484 -0.00004195920440963619
 15500   0.995050 174.239833  35.620082 -0.00353278957209823830
 15600   0.980198 102.172463  20.400995 -0.00075022304153904429
 15700   0.983301 189.193314  39.439637 -0.01379677511924626288
 15800   0.993412 254.856856  50.146615 -0.00211671769675092492
 15900   0.986550 200.225307  39.120114 -0.00567347989696287414
 16000   0.952602  65.471552  13.103514 -0.00716453239107295303
 16100   0.980628 211.278466  42.614585 -0.02167177363037353643
 16200   0.978322 127.889611  25.030935 -0.00227197552744229370
 16300   0.997497 298.940673  60.998487 -0.00008234989772404333
 16400   0.997046 342.478092  71.013727 -0.00871168705803881949
 16500   0.949855  72.623974  14.268314 -0.00119681662206971851
 16600   0.991007 122.573849  24.252478 -0.00385320667271216166
 16700   0.964731 264.842846  52.340538 -0.00953642271681331977
 16800   0.966924  96.058468  19.077308 -0.03718319179430906729
 16900   0.951331  67.413910  13.370773 -0.00031735555653789049
 17000   0.989402 161.850425  32.659904 -0.00532002313026680440
 17100   0.983586 303.008839  61.149417 -0.00166526188976945377
 17200   0.998182 327.274869  67.618912 -0.00520870841154419395
 17300   0.994217 377.514626  77.081301 -0.05824855002990148023
 17400   0.942223  64.783447  12.740079 -0.00066530644164863872
 17500   0.986223 404.456836  83.706828 -0.00418098061469152071
 17600   0.976888 130.571418  25.977313 -0.00343173723400980180
 17700   0.937444  92.599856  18.239915 -0.00277934024165915616
 17800   0.984908 162.175972  32.895836 -0.00402003466066247483
 17900   0.974241 153.292628  30.680715 -0.04632104207229303938
 18000   0.980849 103.964158  20.680336 -0.02585911537112295377
 18100   0.976777 100.845015  20.288219 -0.02007234153393966380
 18200   0.941848  79.607419  15.417873 -0.00059643758703131766
 18300   0.995768 496.431810 101.515368 -0.02256971190966794438
 18400   0.934530  57.961834  11.345083 -0.00157613658448596539
 18500   0.995915 268.746194  55.501794 -0.00519012713760247379
 18600   0.991154 188.859492  37.880713 -0.01303039102364067503
 18700   0.970705 100.313048  19.965242 -0.00080941420894831140
 18800   0.992022 205.737508  40.978877 -0.03730284320776888762
 18900   0.998978 692.004662 143.800548 -0.01925735666549144298
 19000   0.991271 376.740577  78.062324 -0.00228930151980932806
 19100   0.966557 103.107227  20.143380 -0.00301689027931217879
 19200   0.995987 343.729819  68.949245 -0.01155025921028141056
 19300   0.973866 145.277220  29.181725 -0.00168346554863418874
 19400   0.994691 218.444600  43.991426 -0.00151456449830789097
 19500   0.981463 170.561301  33.831159 -0.00120624215810494206
 19600   0.946260  74.381723  14.629246 -0.00042439826458995356
 19700   0.950485  91.483208  17.964590 -0.01627164566336247731
 19800   0.997669 259.345245  52.129083 -0.00193128760217575746
 19900   0.936840  67.819870  13.144799 0.00001303530881990866
 20000   0.960347  85.357791  16.866638 -0.00006098291247980114
 20100   0.963683  91.407456  17.958180 -0.00042908744310921065
 20200   0.965713 170.312233  34.325737 -0.00651120189600362664
 20300   0.981354 163.864924  33.731633 -0.00193935869392447557
 20400   0.948783  94.338963  18.618056 -0.00001566477273939881
 20500   0.963635  86.917587  17.386577 -0.00541980207622927423
 20600   0.970441  77.237955  15.238120 -0.00325269184838283820
 20700   0.971817  78.133858  15.440680 -0.00113683929692776076
 20800   0.967847  91.614214  18.419544 -0.00019867570128084822
 20900   0.981092 258.039871  51.866791 -0.00045803094159424518
 21000   0.955456 118.443565  23.778367 -0.00058845453299483097
 21100   0.992273 234.937712  47.296547 -0.00276147194291098685
 21200   0.989780 235.781069  47.071404 -0.00695745802306646510
 21300   0.983873 114.854207  22.905707 -0.00042780824401233986
 21400   0.972781  89.926980  18.019862 -0.00335351082554780078
 21500   0.975825 127.570972  25.318345 -0.00004244123259766752
 21600   0.984800 302.070165  60.190783 -0.02746384590926709279
 21700   0.997572 390.756623  80.150797 -0.01733613373092168786
 21800   0.960528 131.739768  26.799135 -0.00809488394175161829
 21900   0.972409 120.343227  24.012296 -0.00139804769484896951
 22000   0.964573 179.235723  34.942367 -0.00045201485145440756
 22100   0.994827 316.735897  63.203277 -0.01491512119023497007
 22200   0.980361 192.602712  37.356220 -0.00176541678401065383
 22300   0.955636  87.305465  17.307930 -0.00047624258053602375
 22400   0.973350 193.686649  39.199019 -0.00523406512225932374
 22500   0.969243  94.263412  18.412164 -0.00062239617601989039
 22600   0.984268 221.460752  44.074244 -0.00232569246126246298
 22700   0.967980 200.389002  40.070118 -0.00768256237595466018
 22800   0.976325 166.526319  33.572753 -0.01005432413274576220
 22900   0.961743  99.326976  19.785251 -0.00207104871102359311
 23000   0.982814 189.628496  37.149856 -0.00083994787168251150
 23100   0.987871 202.909967  40.843345 -0.00216766549041835788
 23200   0.959633 155.954092  31.751046 -0.01115541707502387681
 23300   0.984808 143.171891  28.725491 -0.00105789523989230361
 23400   0.995887 348.412860  70.552063 -0.00898546412423684160
 23500   0.989506 149.024446  29.706622 -0.00314480335082834017
 23600   0.987204 331.303953  67.839553 -0.00756621084209996297
 23700   0.983337 115.958426  23.164136 -0.00308529617734976114
 23800   0.940893  55.511102  10.783984 -0.00102992638521293145
 23900   0.983243 156.150544  31.567417 -0.00243340432778182958
 24000   0.949596  57.803691  11.403355 -0.00083160657642800118
 24100   0.993333 291.566110  59.664422 -0.00379586485327365608
 24200   0.973269 208.989185  42.000149 -0.01358537045871344162
 24300   0.964757 128.137656  24.976387 -0.00254632818375810643
 24400   0.990180 128.455711  25.835671 -0.00287904172350650356
 24500   0.988412 260.305592  51.592561 -0.00106960150230861473
 24600   0.999222 295.015759  58.882835 -0.00039144992285145008
 24700   0.993179 263.464708  52.757112 -0.01049537599284633416
 24800   0.953019  80.013435  15.953911 -0.00038062114611392417
 24900   0.970790 125.082844  24.619522 -0.00019766908947005390
 25000   0.982076 140.297507  28.343946 -0.00176191034532280355
 25100   0.972941 215.518261  43.622010 -0.00541176199261883539
 25200   0.953416  84.026367  16.422309 -0.00284518947525569388
 25300   0.997061 355.921389  71.926330 -0.01762156926280056268
 25400   0.968986 189.552824  37.796528 -0.00209565823403323748
 25500   0.992367 259.160881  52.593643 -0.00077070330588924207
 25600   0.995493 274.893716  55.257975 -0.01069558375019141749
 25700   0.983607 133.284043  27.154319 -0.00035978090944510654
 25800   0.988175 206.531943  40.920899 -0.00124380162480974832
 25900   0.997110 401.240307  80.115521 -0.00860518510650365442
 26000   0.962120  78.314234  15.370415 -0.00025900750326712796
 26100   0.982098 117.869262  23.776999 -0.00007578060444402013
 26200   0.990963 185.987031  37.353300 -0.00027875411458211374
 26300   0.975086 134.424754  27.081159 -0.00312844467382689118
 26400   0.998489 524.318481 106.592120 -0.01930466580120082654
 26500   0.991149 143.621521  29.097050 -0.00121222430294309902
 26600   0.994556 299.496903  60.033373 -0.01237845301429985057
 26700   0.980332 182.325541  36.683398 -0.00022791580907721709
 26800   0.983900 196.194164  39.486010 -0.00172607680105585359
 26900   0.976715 121.135385  24.222516 -0.00005775743807134859
 27000   0.991198 167.371866  33.188596 -0.00062488626930701230
 27100   0.973137 249.797701  49.399024 -0.01667674939056951189
 27200   0.975920 152.713860  30.103863 -0.00097918732299007161
 27300   0.985558 259.687463  51.328603 -0.00009862131510374184
 27400   0.969854 134.630530  26.728336 -0.00122867559927897219
 27500   0.996640 231.480336  47.287123 -0.01062283224302973395
 27600   0.989112 385.949528  77.253593 -0.00623076610045814050
 27700   0.983880 233.001458  45.838692 -0.00455531071407477839
 27800   0.995275 377.548415  77.121602 -0.00420560144965520522
 27900   0.995884 374.258632  75.894456 -0.00358476310357502825
 28000   0.985676 260.501781  52.574520 -0.00032140222565857357
 28100   0.984414 183.940186  36.491816 -0.00165481997207450604
 28200   0.980053 206.942485  42.044316 -0.00463537011439285607
 28300   0.999924 648.346954 130.681704 -0.04153723577721279980
 28400   0.979448 117.065938  23.531922 -0.00080488627723696027
 28500   0.993877 511.449492 103.850261 -0.00090471521575352654
 28600   1.000000 493.337087 100.873946 -0.00141368759683757617
 28700   0.981008 180.327804  36.514281 -0.00366956416085173487
 28800   0.998985 302.542313  59.909362 -0.00031879064162865234
 28900   0.972734 136.515000  26.966489 -0.00112773967948953668
 29000   0.964719 133.715516  26.549561 -0.01371813401365074014
 29100   0.992740 438.905114  90.011913 -0.00134222919965054643
 29200   0.975346 145.154088  28.498899 -0.00001883202805430528
 29300   0.986610 165.319047  33.109325 -0.00526491581027244138
 29400   0.992827 535.245355 108.895427 -0.01061778797280510389
 29500   0.999250 376.832772  76.922561 -0.00242056966982318045
 29600   0.975165 147.533961  29.434947 -0.00206515220646608100
 29700   1.000000 411.263492  83.808491 -0.02279479909007875449
 29800   0.936673  60.099399  11.630569 -0.00007682769926908861
 29900   0.974107 110.763852  22.326664 -0.00021651676979672629
 30000   0.982794 296.977277  60.053369 -0.00533545090836184954
 30100   0.994872 229.719801  47.038195 -0.00475680430758274042
 30200   0.982079 190.553517  38.134303 -0.00163946301603346001
 30300   0.985279 175.556653  34.935984 -0.00152855797622919454
 30400   0.989608 171.456315  34.087811 -0.00041122740790910939
 30500   0.969540 131.782918  25.808694 -0.00347509434813275675
 30600   0.984901  98.662260  19.783705 -0.00033536831990232940
 30700   0.986302 238.002514  47.541578 -0.01240992423690556734
 30800   0.979000 137.917496  27.570058 -0.00448552939553792385
 30900   0.978485 128.160566  25.828135 -0.00306221853524135668
 31000   0.972555  93.288036  18.569593 -0.00074523321634245576
 31100   0.998707 181.211361  36.575091 -0.00513142384750864267
 31200   0.980749 239.967555  48.451678 -0.01869126984843916262
 31300   0.971999 130.694068  25.586647 -0.00099704685928259096
 31400   0.978230 168.948810  33.750588 -0.00151072981725519639
 31500   0.978793 210.737080  42.004542 -0.00907317585829048312
 31600   0.990031 269.357515  54.788166 -0.00392637387339078714
 31700   0.978176 148.954186  29.513407 -0.00019695487625881469
 31800   0.999945 350.261520  71.844572 -0.02512715522081521158
 31900   0.988772 259.690617  52.361238 -0.00020533382885190576
 32000   0.997259 205.082621  41.002488 -0.00121853748401434814
 32100   0.988173 173.740602  34.406754 -0.00037991449415386569
 32200   0.963015  99.814301  19.804801 0.00003168603847569784
 32300   0.996605 248.019261  49.375546 -0.00562598445495154920
 32400   0.988608 470.837717  95.327877 -0.01676035831449951274
 32500   0.986028 141.001284  28.369276 -0.01319835479793596278
 32600   0.988847 433.366442  85.940192 -0.00195637557754935187
 32700   0.993453 386.737160  78.355666 -0.00887265411294890782
 32800   0.986619 126.954962  25.359915 -0.00011313225706288677
 32900   0.989217 323.234770  65.126390 -0.01180199640437251674
 33000   0.989504 174.940386  36.046556 -0.00176568665284548842
 33100   0.977850 268.318594  53.258364 -0.00003988785918096482
 33200   0.993431 250.870670  50.142413 -0.00149596767340653969
 33300   0.971390 297.630210  59.229536 -0.01049506170640057690
 33400   0.977367 254.256081  51.054712 -0.00204105096452877888
 33500   0.985430 274.882556  54.598931 -0.00012982457037225004
 33600   0.996017 306.068136  61.003746 -0.00037023203873332022
 33700   0.986626 185.423936  36.803898 -0.00027684369020164468
 33800   0.983229 262.734806  52.475355 -0.00164767532423581997
 33900   0.987140 147.623912  29.742417 -0.00009952176304395266
 34000   0.989020 166.312388  33.892001 -0.00148517232975109437
 34100   0.977470 164.653580  32.746663 -0.00056756857701145691
 34200   0.975534 128.499723  25.226520 -0.00000475716626269218
 34300   0.991798 577.425090 117.015674 -0.00128811338707635059
 34400   0.981668  90.469340  18.082351 -0.00099753786821210610
 34500   0.997974 329.150173  68.032286 -0.00162416978594137618
 34600   0.979106 354.338670  71.254583 -0.00230940442565952253
 34700   0.993596 521.176721 104.444582 -0.03107419474795847236
 34800   0.965887 128.223043  25.621899 -0.00060244613990789730
 34900   0.968819 124.896916  24.377942 -0.00021772580898371530
 35000   0.981629 163.901408  32.669250 -0.00332455420805644053
 35100   0.981915 145.647076  29.045197 -0.00122840087131237397
 35200   0.976153 245.272612  48.800291 -0.00338399282069445917
 35300   0.977266 112.509387  22.536397 -0.00054000081281913026
 35400   0.968992 198.056991  38.848235 -0.00226656902821531503
 35500   0.973257 141.382380  28.457109 -0.00256697325387378328
 35600   0.984696 177.464419  35.457640 -0.00034904510604860661
 35700   0.997998 955.744611 192.552784 -0.01503034204043274258
 35800   0.995629 428.665548  86.367156 -0.00057050010428838505
 35900   0.986019 226.767458  45.550014 -0.01824375316573423333
 36000   1.000000 566.347023 115.597242 -0.00047796608474470759
