100000 
   100   0.824517  13.398850   2.251041 -0.29473998812921253787
   200   0.653337  10.009871   2.402171 -0.00019859698124768954
   300   0.805921  25.089001   4.579619 -0.18729156109553368736
   400   0.793811  12.368044   2.514959 -0.11325073249289996369
   500   0.956437  18.400587   4.116998 -0.00473406684173660608
   600   0.697597  10.828491   2.021318 0.00000000000001332268
   700   0.796934  15.338460   3.285455 -0.00135829438488999088
   800   0.873657  26.923173   5.188992 -0.02737302372300298714
   900   0.628645  11.278400   1.941543 -0.00084856568194946469
  1000   0.989813  93.640181  22.566778 -0.00050576642813027206
  1100   0.717854  13.838159   2.829939 -0.00059322850026033436
  1200   0.679661  10.597983   2.060126 -0.01531190815380956138
  1300   0.876104  21.144777   4.580675 -0.00611526559759933974
  1400   0.787051  18.160569   4.163432 -0.00052707699777521100
  1500   0.889182  25.326510   5.216676 -0.00058462102524092785
  1600   0.812662  21.800749   4.342562 -0.00396232781339644902
  1700   0.734801  10.705516   2.090724 -0.00000000000001998401
  1800   0.762958  11.570523   2.306082 -0.00159478428046222476
  1900   0.804831  14.993310   3.188051 0.00000000000006439294
  2000   0.728606  11.799667   2.336095 -0.00023886185507615565
  2100   0.827348  16.213507   3.211599 -0.00021943631669385510
  2200   0.742607  12.964783   2.615079 -0.00144969613149337206
  2300   0.887829  20.813115   4.405958 -0.00099279717467037898
  2400   0.816166  18.051945   3.748632 -0.00466791804322896908
  2500   0.805132  17.383299   3.461600 -0.00115316865820913605
  2600   0.846655  19.773156   3.863371 0.00000000000004218847
  2700   0.810552  20.193554   3.984714 -0.00164334264083310089
  2800   0.693565  10.750503   2.081426 -0.00340376075173454140
  2900   0.730706  11.733639   2.139965 -0.00041239431710904384
  3000   0.783278  15.411557   2.939923 -0.00368464626950526508
  3100   0.718555  10.488065   2.084643 -0.00281982180818207695
  3200   0.746801  12.427116   2.493190 0.00000000000006616929
  3300   0.750851  13.731558   2.779600 0.00000000000003597123
  3400   0.783063  22.645308   4.509080 -0.00000000000021493918
  3500   0.853786  26.481085   5.625908 -0.01077990111016369212
  3600   0.756858  14.081625   2.741855 -0.00015041525469738914
  3700   0.811810  17.926771   3.720062 -0.00095402773969510690
  3800   0.746541  12.708883   2.345532 -0.00226726602097837571
  3900   0.800963  20.975663   4.078008 -0.00417870244566653781
  4000   0.788349  17.541971   3.550214 -0.00203543419850982232
  4100   0.710296  10.738283   2.092105 -0.00055054359695949628
  4200   0.758915  13.592740   2.672854 -0.00038507914335283999
  4300   0.831587  23.479329   4.875921 -0.00013535956863908183
  4400   0.772915  16.783991   3.246123 -0.00005372212043974756
  4500   0.806216  19.136321   4.090509 -0.00041102220601274553
  4600   0.752863  13.791439   2.715282 -0.00403022379747364212
  4700   0.784526  18.025810   3.796376 -0.00054972849173262617
  4800   0.846416  23.462038   4.716166 -0.00068082815234316030
  4900   0.800111  14.699714   2.897894 -0.00005015743549341423
  5000   0.855311  34.937022   7.217989 -0.00000000000072120088
  5100   0.806709  16.251495   3.339523 0.00000000000016564528
  5200   0.820254  25.643595   5.259546 -0.00232212553674582267
  5300   0.782863  16.891100   3.416456 -0.00000800337220496772
  5400   0.862481  66.341180  13.549188 -0.00161222353407985963
  5500   0.778120  15.615875   3.049231 -0.00012371789956011625
  5600   0.750663  13.773023   2.568756 -0.00384844715286680739
  5700   0.780974  19.764763   3.854997 -0.00086557953548593858
  5800   0.808124  19.378217   3.895180 -0.00051005788065161539
  5900   0.782865  20.695359   4.211730 -0.00100358655808552300
  6000   0.860749  27.487887   5.831998 -0.00001502672343178801
  6100   0.872465  26.477674   5.621979 -0.00344124567219772359
  6200   0.813413  20.345312   4.130494 -0.00419814882659697020
  6300   0.807735  16.305726   3.291226 -0.00097732721728061023
  6400   0.788621  17.547466   3.467854 -0.00051247289611744407
  6500   0.821451  28.458687   5.583771 -0.00726685973577811950
  6600   0.819658  18.023336   3.727554 -0.00000000000073141493
  6700   0.797512  27.053190   5.495432 0.00000000000000444089
  6800   0.796015  18.626841   3.792861 -0.00098801813556637086
  6900   0.809370  21.272753   4.300623 -0.00017309503760731815
  7000   0.774038  20.285389   3.929570 -0.00000000000166888725
  7100   0.812733  21.898559   4.440099 -0.00129931754635848051
  7200   0.810704  18.829710   3.826028 -0.01314024763840793142
  7300   0.791182  15.863292   3.244174 -0.00019560498580872832
  7400   0.800970  18.129195   3.589038 -0.00005317688921424590
  7500   0.814977  26.622968   5.391064 -0.00097425258979821905
  7600   0.769592  14.332531   2.969007 -0.00122122797253743087
  7700   0.765434  17.084821   3.383021 -0.00066132104286520388
  7800   0.793500  18.674966   3.660869 -0.00229696543669932751
  7900   0.818388  19.426956   3.925487 -0.00416840038106602861
  8000   0.802815  29.701283   6.184643 -0.00064895171527190598
  8100   0.815932  26.253469   5.396404 -0.00014184328488298092
  8200   0.757802  15.126698   2.969719 -0.00027892157901687753
  8300   0.804088  15.144578   3.063545 -0.00003924375888830767
  8400   0.762940  15.846038   3.149854 -0.00048931383000061501
  8500   0.769531  14.225145   2.814437 -0.00046768011512865471
  8600   0.807696  16.332939   3.344147 -0.00030765602071136655
  8700   0.796216  17.446504   3.545450 -0.00000000000134425804
  8800   0.792641  19.862223   3.873702 -0.00168828135236775978
  8900   0.798115  16.380439   3.295131 -0.00120254176894940557
  9000   0.791457  18.178130   3.684084 -0.00001722226874445454
  9100   0.808913  15.640894   3.245866 -0.00090869620005218366
  9200   0.767240  18.051326   3.579280 -0.00155362234989597781
  9300   0.766031  17.152863   3.325442 0.00000000000002398082
  9400   0.793580  18.131705   3.701478 -0.00008990694177635206
  9500   0.781611  15.268661   3.057448 -0.00110562959998139476
  9600   0.832733  24.657218   5.185747 -0.00254287104343564607
  9700   0.803409  18.667313   3.734809 -0.00057768894550580541
  9800   0.874639  31.932275   6.519673 -0.00037586932303224074
  9900   0.844435  20.874131   4.426444 -0.00561925778611893634
 10000   0.803277  17.463672   3.467226 -0.00105927084758983270
 10100   0.789827  19.229772   3.881547 -0.00058199155636051714
 10200   0.833528  28.787164   5.912140 -0.00051810691971176936
 10300   0.825479  19.605996   4.069590 -0.00198578758121659149
 10400   0.795163  19.471300   3.922297 -0.00004630965146379395
 10500   0.783786  19.071636   3.666441 -0.00076189438222007411
 10600   0.809459  21.441977   4.316476 -0.00226210278746652449
 10700   0.856865  29.056976   5.979661 -0.00010133669671752443
 10800   0.821200  18.721649   3.873813 -0.00399529607375059825
 10900   0.781436  19.702995   3.922523 -0.00000000000129540823
 11000   0.814310  21.859856   4.320177 -0.00211317989774073567
 11100   0.832516  24.396839   4.965738 -0.00154657528581836345
 11200   0.802518  18.094584   3.635857 -0.00083157624278484832
 11300   0.794327  17.054004   3.418146 -0.00020057321264710382
 11400   0.804701  17.486976   3.516646 -0.00069098049356774993
 11500   0.816180  22.807514   4.662649 0.00000000000030642155
 11600   0.849909  25.226102   5.311491 -0.00556224505254121482
 11700   0.740566  14.966734   2.860232 -0.00007763104811964183
 11800   0.819936  21.740583   4.407193 -0.00356569546490614897
 11900   0.795944  20.822606   4.195207 -0.00081088724746347651
 12000   0.793346  16.259756   3.219211 -0.00022065860698683437
 12100   0.813728  19.170840   3.854006 -0.00075835266042112437
 12200   0.851705  28.869871   6.062127 -0.00054600270220017677
 12300   0.783989  16.721644   3.290931 -0.00037816744405061442
 12400   0.771577  15.975679   3.174222 -0.00029957423497117830
 12500   0.795407  24.355288   4.851569 -0.00000471146274794165
 12600   0.777888  18.453301   3.709260 -0.00043971265578290897
 12700   0.823538  20.503226   4.193609 -0.00067244592609583265
 12800   0.780100  19.571680   3.805646 -0.00012810766226278858
 12900   0.808479  19.006114   3.837361 -0.00658909894659265305
 13000   0.808717  21.362443   4.352934 -0.00007436988389830645
 13100   0.790983  17.996481   3.662369 -0.00012081456644086330
 13200   0.770280  18.968993   3.725094 -0.00116304811874057279
 13300   0.820432  19.753105   3.975869 -0.00000000000068300920
 13400   0.800836  17.766936   3.577253 0.00000000000033750780
 13500   0.739492  14.209475   2.765059 -0.00000000000007105427
 13600   0.802211  22.279920   4.445339 -0.00081508347193182118
 13700   0.801620  16.390292   3.266095 0.00000000000314859250
 13800   0.800415  16.486041   3.334119 -0.00012306480949986209
 13900   0.771320  16.390874   3.154107 -0.00025129734534745651
 14000   0.821219  19.275238   3.893448 -0.00152704291321059671
 14100   0.824962  25.776563   5.224449 -0.00033201783891723124
 14200   0.786392  15.569692   3.080258 -0.00078643014912760378
 14300   0.784034  19.005007   3.757923 -0.00453692096089808317
 14400   0.773516  18.165172   3.573343 -0.00040255622580076533
 14500   0.772994  18.945855   3.714567 -0.00012705484617692164
 14600   0.791039  17.216093   3.368626 -0.00030418630402051505
 14700   0.774624  18.504077   3.629065 0.00000000000220090612
 14800   0.777056  15.729631   3.088353 -0.00018092075285291997
 14900   0.835595  22.093042   4.633007 -0.00060069370456172777
 15000   0.780155  19.292430   3.925628 -0.00102409015322546537
 15100   0.773913  15.445184   3.005368 -0.00081674149337063184
 15200   0.843034  23.335970   4.904823 -0.00033676810518645794
 15300   0.821893  20.186715   3.981842 -0.00008661199470472170
 15400   0.808777  22.821448   4.567219 -0.00003415075222257258
 15500   0.789909  19.311551   3.889684 -0.00003598383915104364
 15600   0.815531  21.598064   4.400269 -0.00518231012810232983
 15700   0.802987  20.186592   4.129692 -0.00020147696087047251
 15800   0.783493  17.731320   3.537223 -0.00006270867505175914
 15900   0.759042  14.720672   2.806110 -0.00007616788991970935
 16000   0.762574  14.948297   2.858107 -0.00075434242702954180
 16100   0.804556  18.201175   3.640719 -0.00064639002459188077
 16200   0.800430  17.444837   3.526390 -0.00026677038957734212
 16300   0.831510  24.718870   5.027127 -0.00005459428532450517
 16400   0.826076  21.464030   4.365766 -0.00033207474197283204
 16500   0.773643  14.662243   2.856916 0.00000000000205746531
 16600   0.809124  17.674389   3.599826 0.00000000000253930210
 16700   0.787852  17.692283   3.491842 -0.00000000000319033688
 16800   0.810375  24.478020   4.879420 -0.00015683330496774062
 16900   0.812623  30.551807   6.350277 -0.00052190804535889868
 17000   0.755448  16.046924   3.078403 -0.00071869921696343653
 17100   0.794372  15.882972   3.163692 -0.00082765580148258522
 17200   0.777119  16.604539   3.396681 -0.00049164157986725243
 17300   0.809947  26.627328   5.348553 0.00000000000459365879
 17400   0.807739  21.738962   4.322573 -0.00148147539115495164
 17500   0.813058  21.732743   4.399744 -0.00020512814541984170
 17600   0.801584  19.680596   3.963942 -0.00013224749355078558
 17700   0.791952  19.429426   3.898761 -0.00029659964952744033
 17800   0.780044  16.948304   3.336340 -0.00000000000262101452
 17900   0.780611  18.534756   3.640281 -0.00143663097865820433
 18000   0.788684  17.078803   3.452765 -0.00000000000149347201
 18100   0.782921  18.493734   3.691574 -0.00002017402351084385
 18200   0.783484  17.887954   3.558917 -0.00000000000533706412
 18300   0.770302  19.377287   3.811925 0.00000000000263522537
 18400   0.784319  18.033165   3.498649 -0.00017714581421435227
 18500   0.846212  23.248664   4.798021 -0.00000082988736860301
 18600   0.807836  21.251760   4.308623 0.00000000000018207658
 18700   0.788774  17.474081   3.491965 -0.00191686871187490837
 18800   0.782234  16.630373   3.316318 -0.00002625823507296232
 18900   0.806161  17.995619   3.606695 -0.00195067454783171002
 19000   0.768142  15.923236   3.077323 -0.00005162657002655280
 19100   0.814194  22.149001   4.376723 -0.00089331363832911848
 19200   0.790187  19.694740   3.926669 -0.00099579818225725703
 19300   0.804571  20.015391   4.020708 -0.00000000000557420776
 19400   0.816053  21.804574   4.390715 -0.00054674079205607740
 19500   0.784107  16.260477   3.204710 -0.00152295410348379789
 19600   0.779732  18.983900   3.822161 -0.00077030735557981345
 19700   0.784860  18.185354   3.651841 -0.00000000000314281934
 19800   0.817864  22.330343   4.420201 -0.00075592206011254603
 19900   0.759460  15.252780   2.939418 -0.00000000000005462297
 20000   0.799862  18.684765   3.739777 -0.00091255195954786927
 20100   0.794161  18.959895   3.742888 -0.00192739455560309025
 20200   0.793769  21.422586   4.251641 0.00000000000310862447
 20300   0.774807  17.721360   3.472604 -0.00008388969235673116
 20400   0.813105  17.573468   3.532784 0.00000000000563105118
 20500   0.779427  18.011212   3.520480 -0.00005293674948436689
 20600   0.796658  18.904748   3.798170 -0.00021585312296679149
 20700   0.814301  23.011464   4.554269 -0.00022239555244141229
 20800   0.821580  17.907835   3.626314 -0.00002281855792896081
 20900   0.780673  16.709512   3.273945 0.00000000000581001913
 21000   0.787470  20.719868   4.009788 -0.00000000000550137713
 21100   0.798283  20.205134   3.998752 -0.00014104228822509057
 21200   0.822112  22.911703   4.639620 0.00000000000784172727
 21300   0.809849  24.320754   4.957604 -0.00017601339743933408
 21400   0.781681  15.249158   3.068268 -0.00009079522265009743
 21500   0.824877  20.914089   4.262444 -0.00013947011441750590
 21600   0.755357  16.685995   3.205639 -0.00023481007748893390
 21700   0.795955  18.543077   3.653462 -0.00046425190386933934
 21800   0.828455  24.391725   4.914149 0.00000000000102673425
 21900   0.827619  22.385441   4.627519 -0.00084937681473462590
 22000   0.798415  22.281026   4.445065 -0.00000000000502442532
 22100   0.781420  18.163600   3.611094 -0.00025682147736239003
 22200   0.813886  17.752629   3.597508 -0.00179757253994905497
 22300   0.812008  20.268394   4.090189 -0.00257195377071894882
 22400   0.804816  18.391299   3.623999 -0.00007250746818820986
 22500   0.782257  16.969201   3.358705 -0.00044292493317943382
 22600   0.761323  17.845148   3.509690 -0.00011941211706556487
 22700   0.797296  18.042411   3.598242 -0.00070194533275902415
 22800   0.781736  18.379642   3.605758 -0.00003748013400617367
 22900   0.790249  20.082345   4.046996 -0.00016663513791037587
 23000   0.800058  19.193607   3.861685 -0.00040226998576731177
 23100   0.799337  17.524404   3.500455 -0.00063310743235600597
 23200   0.803753  19.405911   3.898730 -0.00001775599531628202
 23300   0.799133  18.668553   3.723471 -0.00062465186779414594
 23400   0.797847  18.663590   3.724742 0.00000000000151079149
 23500   0.777220  16.102999   3.154132 -0.00000000000313749027
 23600   0.818644  22.101698   4.442809 -0.00000729556521505970
 23700   0.796930  19.209437   3.857165 -0.00012196804422526242
 23800   0.772019  18.157406   3.512466 0.00000000000828004332
 23900   0.798707  24.054646   4.818691 -0.00029012667409400450
 24000   0.777195  18.354387   3.585659 -0.00032889588863094232
 24100   0.783281  17.948297   3.556830 -0.00006021931518773727
 24200   0.788973  17.353162   3.498397 -0.00020177426930390041
 24300   0.804521  18.992501   3.738778 -0.00110350080639332049
 24400   0.788470  18.103783   3.558562 -0.00061202907368596016
 24500   0.828163  22.372851   4.480962 0.00000000000245758969
 24600   0.791091  22.059515   4.285464 0.00000000000035615955
 24700   0.799713  19.812528   3.941537 -0.00011349565328355737
 24800   0.798028  24.101759   4.868944 -0.00000000000362820884
 24900   0.772409  16.868986   3.323568 -0.00009638224796626460
 25000   0.773829  15.599209   3.063948 -0.00036066616308039201
 25100   0.789249  18.403783   3.685535 -0.00035394584183556788
 25200   0.777014  18.702711   3.666194 -0.00235793391467176150
 25300   0.799279  17.604277   3.556740 -0.00029830943440645186
 25400   0.800376  23.007260   4.595111 -0.00000000000632383035
 25500   0.769699  15.411722   3.057503 -0.00006195151785659547
 25600   0.806696  19.330030   3.878728 -0.00011420279959173385
 25700   0.801316  19.417985   3.901730 0.00000000000634647890
 25800   0.828048  19.396384   3.932561 -0.00009338129710068088
 25900   0.795908  17.741701   3.571618 -0.00001243888780422253
 26000   0.819889  22.425626   4.447069 -0.00010474764081180865
 26100   0.810803  22.489185   4.526092 -0.00017936625970094155
 26200   0.795773  17.857970   3.586886 -0.00038490625571352410
 26300   0.808106  19.671007   4.008030 -0.00021818757736902228
 26400   0.828236  19.758276   4.011520 -0.00000908731559867704
 26500   0.798891  16.992587   3.452237 -0.00014314223321010289
 26600   0.806995  20.025831   4.020180 -0.00004296003513282187
 26700   0.810202  20.043839   4.027203 -0.00033230055107669187
 26800   0.823041  20.500871   4.133832 -0.00000000000441868764
 26900   0.788884  18.168373   3.603239 -0.00004233797410035933
 27000   0.797740  20.295646   4.055360 -0.00001024082622524958
 27100   0.811978  21.251994   4.336602 -0.00005929749133049000
 27200   0.809815  19.808910   4.033152 0.00000000000058975047
 27300   0.812516  19.461752   3.939401 0.00000000000365085739
 27400   0.804390  18.946475   3.824330 -0.00023008519395162352
 27500   0.807920  21.355817   4.309216 0.00000000000893063401
 27600   0.785154  20.023718   4.002450 -0.00011745345599400991
 27700   0.762382  16.690166   3.298869 0.00000000001134559113
 27800   0.808385  18.751205   3.812295 -0.00000000000213340456
 27900   0.817217  20.274532   4.081675 -0.00011882697081500027
 28000   0.814325  23.416845   4.718461 -0.00003344595995802280
 28100   0.764504  17.436715   3.386790 -0.00002836793202787291
 28200   0.812535  18.851680   3.815537 -0.00159357367024393071
 28300   0.782221  18.189247   3.568220 -0.00021504575246256152
 28400   0.794589  23.032361   4.577032 -0.00024472718851153985
 28500   0.779530  19.502266   3.809347 -0.00078016900380140086
 28600   0.814575  19.199709   3.884876 -0.00004398430037877432
 28700   0.798481  18.384194   3.685850 -0.00059758879474491877
 28800   0.776461  18.115382   3.567255 -0.00046858305353048024
 28900   0.769186  15.321975   3.047754 -0.00020583865940837498
 29000   0.810849  21.302216   4.278072 -0.00000022479886219173
 29100   0.816198  23.008643   4.704993 -0.00110463614153299972
 29200   0.795808  19.760152   3.935112 0.00000000001071143174
 29300   0.783075  18.149454   3.590866 -0.00000000000172617476
 29400   0.800113  22.081416   4.418536 0.00000000000212718732
 29500   0.789921  19.757653   3.829365 -0.00027137488125861253
 29600   0.822009  23.206082   4.667772 -0.00010047780640487503
 29700   0.781644  18.425405   3.653441 -0.00000000000963851221
 29800   0.824618  24.534359   4.964416 -0.00008719877244445229
 29900   0.814581  19.847521   4.009764 -0.00023180222750252000
 30000   0.811378  19.629691   3.931105 -0.00006810142997926150
 30100   0.790898  20.773606   4.181562 -0.00007504097172805757
 30200   0.783581  16.717659   3.317367 -0.00014712937606820020
 30300   0.809576  20.433083   4.176981 0.00000000000089972474
 30400   0.794597  17.208520   3.457795 -0.00032486702125478217
 30500   0.808385  22.642463   4.549959 -0.00006220070343054829
 30600   0.795608  18.543682   3.798220 -0.00020489137544865699
 30700   0.790106  17.537131   3.526213 -0.00006457171012019813
 30800   0.819391  22.773962   4.604333 -0.00000000000939870404
 30900   0.781540  17.212788   3.414705 0.00000000000623279206
 31000   0.793341  18.107332   3.613981 -0.00047597746930749807
 31100   0.802097  19.248256   3.842125 -0.00009932046335192624
 31200   0.834091  22.375927   4.582754 -0.00000824463723425595
 31300   0.807727  20.404049   4.093426 -0.00042172785842975458
 31400   0.810832  24.726344   5.001188 -0.00077797917462518740
 31500   0.811997  20.263326   4.116429 -0.00056464579738424447
 31600   0.818702  21.230655   4.305254 -0.00000000000072297723
 31700   0.806012  23.368471   4.770030 -0.00023389876686952249
 31800   0.791576  20.552418   4.093680 0.00000000000064126482
 31900   0.805184  20.218657   4.053848 -0.00002467267872940937
 32000   0.794809  21.100372   4.182265 -0.00022402023582301922
 32100   0.807589  20.969511   4.195186 -0.00002297923242977618
 32200   0.845086  24.848075   5.100029 -0.00000000001230660018
 32300   0.771422  19.497636   3.817515 -0.00052084534729646137
 32400   0.773286  17.671766   3.472117 -0.00060335743740624892
 32500   0.804582  18.287036   3.732685 -0.00124631520338214230
 32600   0.794222  18.981571   3.801787 -0.00034936314465960905
 32700   0.812172  20.920418   4.242290 -0.00001243274761986157
 32800   0.784723  20.222354   3.984659 -0.00000787071867769384
 32900   0.790299  18.311924   3.611523 -0.00021131091902848453
 33000   0.796504  18.663383   3.726982 -0.00003880130651756630
 33100   0.796782  18.008442   3.550533 -0.00001385432703582268
 33200   0.809666  21.301996   4.260265 -0.00013380728498546546
 33300   0.800425  20.278597   4.100524 -0.00147652629905437038
 33400   0.793955  19.578666   3.917912 -0.00075259551743211972
 33500   0.775572  14.826943   2.920173 -0.00007120155656759053
 33600   0.795105  19.909668   3.875867 0.00000000000028776981
 33700   0.804142  19.247985   3.892851 -0.00015353067249490593
 33800   0.791830  17.808874   3.523839 -0.00000000001208366740
 33900   0.808097  20.595134   4.115379 -0.00000269329878221924
 34000   0.807670  20.061194   4.043421 -0.00008962566104830927
 34100   0.819270  23.379584   4.686109 -0.00009162169703369472
 34200   0.776302  17.689183   3.484562 0.00000000000865263416
 34300   0.784797  17.376695   3.400416 -0.00045146869949563850
 34400   0.794216  19.672675   3.903993 -0.00023212025557839411
 34500   0.782215  17.344449   3.407856 -0.00020238212181622472
 34600   0.786595  19.070035   3.806291 -0.00000000000579047921
 34700   0.813288  19.005337   3.849258 -0.00000733821442766569
 34800   0.795087  18.557874   3.684123 -0.00078870247206763722
 34900   0.802872  19.619179   3.955232 -0.00008477983912280607
 35000   0.786612  16.630957   3.263419 -0.00004941065014385515
 35100   0.777914  18.858968   3.680345 -0.00010908658350983202
 35200   0.810489  17.448908   3.564011 -0.00012678535643217970
 35300   0.786093  18.085138   3.611387 -0.00000516945607165198
 35400   0.785327  17.401843   3.443500 0.00000000000233590924
 35500   0.805113  18.268048   3.691112 -0.00006229383218681050
 35600   0.789522  19.690009   3.902519 -0.00008481007587768374
 35700   0.767980  17.300715   3.433489 -0.00000000000936450917
 35800   0.789299  17.178413   3.411622 -0.00006853008354079648
 35900   0.784445  19.692226   3.779858 -0.00061054865921805757
 36000   0.818788  21.956395   4.423520 -0.00008398441356405328
