100000 
   100   0.970343  36.766273   7.110435 -0.97814506637906806219
   200   0.875632  10.700488   2.537058 -0.03105946603902154379
   300   0.844455  24.297518   4.383262 -0.07128249078041903886
   400   0.829929  10.092377   2.042505 -0.02643253579526039232
   500   0.762481  12.392557   2.255209 -0.00023595953783761558
   600   0.851491  42.066794   8.351211 0.00796304989864182744
   700   0.839011  19.908705   3.921877 -0.00298199075357352683
   800   0.882459  36.544144   6.958270 -0.12215772196365382030
   900   0.746811  25.548280   4.412328 -0.01604010105454545254
  1000   0.932934  36.825588   7.994952 0.00379915274299680306
  1100   0.803032  15.429859   2.995303 -0.02053303407822681947
  1200   0.817358  22.025877   4.464496 0.00425561957262665658
  1300   0.900652  46.251521   9.675840 -0.03697913098452865199
  1400   0.877207  19.357859   4.534808 -0.00046189374346816692
  1500   0.928416  57.059601  11.544418 -0.13378032720885890683
  1600   0.900620  50.916174  10.268637 -0.01006575085152938698
  1700   0.797536  18.391131   3.484425 0.00092846327939088980
  1800   0.934001  46.805419   9.856744 0.00160300167655158532
  1900   0.824351  16.810959   3.388610 -0.00012505462901035713
  2000   0.825085  22.923803   4.550963 0.00058833164234961544
  2100   0.857108  21.667409   4.136894 -0.00054956407940842666
  2200   0.999523  99.361108  22.216862 -0.00389502474685698985
  2300   0.951781  46.526655   9.765022 -0.00557540716995852392
  2400   0.909412  36.590489   7.461489 -0.00906873069077818172
  2500   0.857877  28.874816   5.738737 -0.00157610871284585841
  2600   0.856841  39.313185   7.300604 -0.04793745733435450518
  2700   0.883302  40.879723   7.944823 -0.00401154968810946144
  2800   0.957552  44.976089   9.792147 -0.00621508755689426096
  2900   0.820667  20.707538   3.860439 -0.00258832250429286148
  3000   0.897993  28.635678   5.557794 0.00247242340310727116
  3100   0.759811  23.532819   4.502963 -0.00622897142305678386
  3200   0.854476  24.943243   5.042656 -0.00055586244897742887
  3300   0.889732  40.638229   8.359562 -0.00206188042477428723
  3400   0.940921  50.030508  10.403208 -0.00019435984978244392
  3500   0.891609  28.894358   5.834846 -0.00181437211272417187
  3600   0.852399  22.713075   4.466749 -0.00015589225519274663
  3700   0.920157  43.080804   8.813680 -0.00041919145513880096
  3800   0.909198  39.169516   7.588468 0.00195162864625419985
  3900   0.886564  42.812593   8.229558 -0.00363338044148697747
  4000   0.880740  27.233284   5.484700 -0.00280628519160686096
  4100   0.852388  25.414255   5.110729 -0.00311501428122351598
  4200   0.914867  48.780805  10.103179 -0.00141635435181797220
  4300   0.887360  51.038486  10.274625 -0.00428833562188657424
  4400   0.894094  30.387605   6.056442 -0.00036071556088490553
  4500   0.894856  46.989395   9.905452 -0.00408910058906108986
  4600   0.871488  43.211935   8.699888 -0.01764999149830970282
  4700   0.916170  33.292138   7.124201 -0.00173329176698633347
  4800   0.873565  43.264692   8.406423 -0.00315180381492830008
  4900   0.931008  44.579077   8.942486 -0.00062270657283214348
  5000   0.906624  38.437431   7.771091 -0.00095806687165467252
  5100   0.913283  29.088211   6.002465 -0.00339504858885408822
  5200   0.948533  50.534753  10.553874 -0.00011445084890659984
  5300   0.890573  51.012529  10.411873 -0.00238339712742785537
  5400   0.931270  37.195963   7.444605 -0.00147629067691656957
  5500   0.887685  28.506030   5.611385 -0.00171148411774435516
  5600   0.890438  43.273360   8.307729 0.00078923084747373196
  5700   0.881640  30.286868   5.918646 -0.00057712583067104362
  5800   0.920170  51.240087  10.362394 -0.00047210217375948105
  5900   0.926780  49.326101  10.324915 -0.00012474167204956643
  6000   0.828939  21.472611   4.215085 -0.00070440205236455000
  6100   0.848980  24.350478   4.801098 -0.00113558725155815665
  6200   0.913772  49.427449  10.041381 -0.00355185262771584576
  6300   0.920308  52.111346  10.612434 -0.00008302850123342864
  6400   0.877236  38.973004   7.692694 -0.00447379622204913119
  6500   0.868081  31.460071   5.991687 -0.00024640838335265869
  6600   0.824156  23.419001   4.580909 0.00001100681676557969
  6700   0.903312  56.088634  11.334670 -0.00025705319559143902
  6800   0.850687  25.242406   5.034648 -0.00269675866131180442
  6900   0.877928  29.046388   5.796291 -0.00035800402389085662
  7000   0.838607  25.574572   4.918869 -0.00971593967252015744
  7100   0.906436  34.886953   7.006619 -0.01990839854765535932
  7200   0.897436  38.215962   7.615954 -0.00069948853305756842
  7300   0.953805  88.925066  18.808004 -0.00025620198965725649
  7400   0.918877  50.984739  10.250904 -0.00116288266531583417
  7500   0.898818  33.184153   6.640702 -0.00055295405934163711
  7600   0.882664  30.288297   6.327749 -0.00091087689407043371
  7700   0.858119  23.853051   4.727989 -0.00234974232245033221
  7800   0.865517  35.863800   6.944269 -0.00319316356281262870
  7900   0.932422  41.230957   8.329994 0.00029722534560150393
  8000   0.951053  98.401861  21.082145 -0.00045401630313790520
  8100   0.898471  42.710392   8.740192 -0.00752888936262507968
  8200   0.897635  43.656503   8.714468 -0.00086067994062055675
  8300   0.879924  25.522483   5.107124 -0.00044767127270795015
  8400   0.899997  47.357331   9.578520 -0.00006400884137214291
  8500   0.921297  42.061756   8.686514 -0.00294954244935929921
  8600   0.942111  65.169755  13.566703 -0.00527758041220671714
  8700   0.865888  34.317047   6.890874 -0.00014715657092256862
  8800   0.917789  44.574804   8.767887 -0.00017943156426802886
  8900   0.883533  40.617079   8.178041 -0.00013929297297110566
  9000   0.901105  52.604927  10.725203 -0.00035712773362028827
  9100   0.863069  26.852216   5.446948 -0.00021549637850348802
  9200   0.845876  28.907910   5.588918 -0.00099199146149864248
  9300   0.882061  33.202240   6.529169 -0.00060503927357657972
  9400   0.874265  36.549987   7.449043 -0.00870965813514601450
  9500   0.872364  36.720072   7.373098 -0.00183862931452338785
  9600   0.889932  31.831194   6.457292 -0.00178738243871379154
  9700   0.938187  54.317557  11.164317 -0.00158123663067399889
  9800   0.944036  41.120425   8.277245 -0.00138755138989665738
  9900   0.863750  29.779244   5.991997 0.00005192112743390709
 10000   0.866751  24.796677   4.847692 -0.00005813826163958424
 10100   0.927744  54.677700  11.195952 0.00055755281927893918
 10200   0.911793  39.362796   8.035603 -0.00289770250121179629
 10300   0.928355  36.316002   7.571455 -0.00201758762541270897
 10400   0.860884  25.540508   4.990047 -0.00017553290319138881
 10500   0.885317  40.632523   7.963611 -0.00810330787173896283
 10600   0.875531  25.873520   5.063641 -0.00122229884087943219
 10700   0.913290  44.943244   9.081040 -0.00001543264093939456
 10800   0.865352  26.326072   5.311251 -0.00027749070593063863
 10900   0.912842  49.466417   9.905185 -0.00625070558590046232
 11000   0.907663  38.218117   7.580042 -0.00104286371319339821
 11100   0.840203  23.021401   4.426740 -0.00332374071251440029
 11200   0.909635  37.585003   7.561545 -0.00243699581812162336
 11300   0.916902  59.638502  12.167082 -0.00339433189101079336
 11400   0.938488  51.453920  10.511794 -0.00015186884199280826
 11500   0.901965  67.772817  13.966901 -0.00019293892768068588
 11600   0.901993  55.657790  11.203375 -0.00495244720304199859
 11700   0.893335  30.813196   6.141556 -0.00001413530579341682
 11800   0.911718  38.342275   7.752480 -0.00045791903797098854
 11900   0.901639  31.130964   6.291272 -0.00293801089189127396
 12000   0.878066  32.830938   6.520778 0.00110061146434325963
 12100   0.900696  37.965572   7.533033 -0.00046580882979352367
 12200   0.918907  94.440463  19.614250 -0.00923931117228704579
 12300   0.905378  62.960387  12.331428 0.00040561795564109104
 12400   0.887356  32.818003   6.616120 -0.00041305598745022820
 12500   0.869331  35.489200   7.042461 -0.00143544344689061631
 12600   0.867621  36.511144   7.220994 -0.00009929327652891118
 12700   0.898918  34.383431   6.965787 -0.00024239956553806508
 12800   0.869560  27.832112   5.412879 -0.00351047280319694011
 12900   0.904944  44.788548   8.992443 0.00001383191522386085
 13000   0.925660  67.752920  14.008607 -0.01103518292212157803
 13100   0.887458  39.564879   7.960483 -0.00081661486872608435
 13200   0.911181  44.553798   8.961447 0.00005825784883839447
 13300   0.907613  51.412519  10.435896 -0.00123153858594449162
 13400   0.880876  34.250238   6.765512 -0.00018834665711686682
 13500   0.869891  26.298543   5.182344 0.00055690647475614696
 13600   0.867036  28.989483   5.756222 -0.00117449219954313122
 13700   0.920905  46.650321   9.337584 -0.00950552943881177725
 13800   0.881479  30.842211   6.205778 -0.00065850923860644173
 13900   0.874393  33.644247   6.541801 -0.00067355029893256813
 14000   0.889754  34.417316   6.841768 0.00009698833404758744
 14100   0.914275  50.638334  10.118696 -0.00178778283068936616
 14200   0.898875  36.478054   7.346838 -0.00014991220469262601
 14300   0.897615  63.267420  12.368863 -0.00146599424078530660
 14400   0.883993  44.678868   8.945014 -0.00006779108031729209
 14500   0.913937  41.107360   8.138666 -0.00059111919208909569
 14600   0.942226  58.593499  12.011519 -0.00014804433201831557
 14700   0.922622  48.957104   9.805613 -0.00579038586301194869
 14800   0.880227  36.369528   7.241871 -0.00008881480302047606
 14900   0.914584  52.105724  10.644079 -0.00087593423873677523
 15000   0.867005  30.722197   6.146491 0.00000349127706122943
 15100   0.899893  43.304348   8.692057 -0.00035928331751478026
 15200   0.903931  42.315941   8.630510 0.00028475658115567626
 15300   0.869384  34.995057   6.781535 -0.00018695249254285784
 15400   0.909519  43.087381   8.586697 -0.00000270936394741739
 15500   0.890220  46.841359   9.382131 -0.00427300566868282772
 15600   0.887461  44.959434   9.103108 -0.00117760545721701249
 15700   0.948548  89.057290  18.565584 -0.00030807147270195401
 15800   0.852572  28.011989   5.477901 -0.00039310048297824807
 15900   0.933673  82.216159  16.684859 -0.00140169233512565938
 16000   0.894256  32.661943   6.433138 -0.00330638220354906309
 16100   0.881359  35.913155   6.983837 -0.00026765822482754942
 16200   0.865905  25.158977   5.023995 0.00151794033366581260
 16300   0.944690  79.779408  16.326396 -0.00146332836514773135
 16400   0.898148  56.218460  11.345870 -0.00066077421090326993
 16500   0.886670  32.172957   6.303043 -0.00090631181841249742
 16600   0.876411  36.236636   7.310201 -0.00043150167260463945
 16700   0.886493  33.415880   6.502654 -0.00043626476770697309
 16800   0.884517  40.774626   8.101808 0.00027863591516918973
 16900   0.895412  38.099753   7.794629 -0.00116637167459199276
 17000   0.901891  46.934877   9.352137 -0.00170786307652370795
 17100   0.876346  29.022346   5.743156 -0.00021312163995279576
 17200   0.911843  59.228834  12.191456 -0.00210759501773338798
 17300   0.920012  37.051358   7.493565 -0.00023316659705852061
 17400   0.876733  30.246595   5.992500 0.00054570319239122256
 17500   0.901498  32.172966   6.444740 -0.00088381081515720439
 17600   0.905842  39.707267   7.957020 -0.00022642700262043292
 17700   0.906139  41.270677   8.400437 -0.00059386560580954040
 17800   0.865544  29.961407   5.909257 -0.00054627076396407404
 17900   0.865380  33.294994   6.374386 -0.00002425774685921311
 18000   0.909336  51.514105  10.631808 -0.00013077334903321969
 18100   0.913888  41.481974   8.425544 -0.00377668303571176978
 18200   0.894369  47.409953   9.594444 -0.00216389313792930693
 18300   0.880389  32.349698   6.353176 -0.00009278130984124999
 18400   0.880697  28.432890   5.606434 -0.00288037825237275058
 18500   0.899741  29.205894   5.872459 -0.00029338277702706250
 18600   0.900375  38.974701   7.850495 -0.00102133435500650904
 18700   0.912496  57.778184  11.632089 -0.00079185171599860382
 18800   0.934176  67.542544  13.990142 0.00021314162810881498
 18900   0.893534  34.641733   6.846611 -0.00108773885225499356
 19000   0.897024  34.346207   6.799332 -0.00664007825285395370
 19100   0.899641  67.754912  13.233296 -0.00196971048816685368
 19200   0.902285  50.879359  10.204521 -0.00580055745400720468
 19300   0.889478  46.753956   9.331653 0.00024209212140746672
 19400   0.943071 103.121767  21.106803 -0.00126609677387534703
 19500   0.909660  46.799535   9.374258 -0.00004830164933267156
 19600   0.891913  40.325185   8.176074 -0.00006306577056314211
 19700   0.884496  36.131387   7.285619 -0.00118325906830119010
 19800   0.903785  62.529783  12.308652 -0.00150447197254344189
 19900   0.911208  44.496890   8.843021 -0.00045661444558398046
 20000   0.886677  33.502619   6.647716 -0.00925469056594874218
 20100   0.908113  44.883285   8.956971 -0.00182164975157306230
 20200   0.910345  64.349040  12.904901 0.00005129400862102784
 20300   0.910572  42.287583   8.450938 -0.00032963344096614833
 20400   0.918141  44.518558   8.986413 -0.00022545571407306397
 20500   0.897469  52.329105  10.350871 -0.00008126041489653346
 20600   0.872028  35.706332   7.085538 -0.00026218185169213371
 20700   0.896898  44.286136   8.694092 -0.00481772782592670978
 20800   0.901729  38.892930   7.781988 -0.00033740388104153141
 20900   0.879992  38.800764   7.643494 -0.00155559125594262326
 21000   0.891522  48.056158   9.311427 -0.00002586518647262892
 21100   0.892755  36.202481   7.158469 -0.00138670676981611507
 21200   0.903248  37.564447   7.484385 -0.00015428068191258859
 21300   0.898652  39.905836   8.079541 -0.00279632447157318609
 21400   0.897868  41.790156   8.525763 -0.00020936310652608370
 21500   0.876255  38.597322   7.653613 -0.00122320052462487894
 21600   0.891432  38.966967   7.697730 -0.00005030983205589479
 21700   0.885321  37.167577   7.248531 -0.00000331524089602908
 21800   0.925901  84.562961  17.137491 -0.00008549554090819811
 21900   0.900743  36.703989   7.454729 -0.00003600132270431544
 22000   0.898304  43.860004   8.719515 -0.00065081469797512170
 22100   0.891015  35.776617   7.205301 -0.00020643744922743679
 22200   0.906049  38.848073   7.772734 -0.00038043555518374461
 22300   0.873897  30.869382   6.092010 -0.00019435788565580481
 22400   0.907921  40.493724   8.018464 -0.00073972189609605721
 22500   0.879575  33.156351   6.583473 -0.00064168465108771500
 22600   0.920634  67.327406  13.721183 -0.00050000552681694899
 22700   0.912121  37.012606   7.422046 -0.00004112688821500399
 22800   0.901872  38.785234   7.706745 -0.00267043890374552007
 22900   0.890220  33.392435   6.720733 -0.00004108330359642309
 23000   0.861112  26.242808   5.177926 -0.00445819232870370286
 23100   0.928504  45.140613   9.168771 -0.00004960566582568049
 23200   0.887376  50.050740   9.959935 -0.00059326486941380097
 23300   0.904473  43.689187   8.775104 -0.00210988980316884067
 23400   0.919027  45.175273   9.100683 -0.00001115349425084844
 23500   0.852912  33.585595   6.525303 -0.00030651365764278182
 23600   0.913853  60.977324  12.161811 -0.00006442746231982710
 23700   0.907616  37.647891   7.607029 -0.00038617262195383972
 23800   0.872901  32.793168   6.372278 -0.00034406257380492633
 23900   0.945570 249.144997  51.204911 -0.00011913530754981139
 24000   0.913059  56.212321  11.217267 -0.00177509837679146187
 24100   0.883542  42.604722   8.452632 -0.00113460423500910679
 24200   0.891199  54.589397  11.047328 -0.00138511077211234124
 24300   0.873354  33.531288   6.492212 -0.00292262021486866530
 24400   0.886582  34.382654   6.760835 -0.00014725901745826775
 24500   0.889207  43.754182   8.548962 -0.00006925983924332968
 24600   0.894855  47.378158   9.252166 -0.00005618947478147618
 24700   0.893307  39.379788   7.777074 -0.00003572752708258520
 24800   0.913324  42.776254   8.725952 -0.00005890563275379179
 24900   0.880813  31.104980   6.176441 -0.00083359995843590440
 25000   0.875630  35.071802   6.904831 -0.00010497645374574205
 25100   0.884984  39.914583   8.015348 -0.00096374837781532108
 25200   0.920895  62.995388  12.700851 -0.00071909090648425433
 25300   0.905476  48.219113   9.777199 -0.00003649569825014964
 25400   0.872301  31.159897   6.120395 0.00005149868661380452
 25500   0.895679  36.136509   7.279068 -0.00066716038849001791
 25600   0.915675  39.334192   7.945542 0.00034203753234152146
 25700   0.906213  36.090366   7.257047 -0.00034616595717285037
 25800   0.897023  39.379849   7.847492 0.00052333298178552923
 25900   0.902319  40.073761   8.110588 -0.00009421041409751751
 26000   0.955961  99.543505  19.988871 -0.00022995053575058932
 26100   0.880466  37.387024   7.441652 0.00005871613302854684
 26200   0.908970  46.248646   9.339605 -0.00015053085169292046
 26300   0.910673  45.265158   9.242817 -0.00125806187622856669
 26400   0.866058  28.643018   5.622145 -0.00013215683039291548
 26500   0.902205  59.119818  12.011134 -0.00022847376730616986
 26600   0.926705  56.688296  11.508105 -0.00004574175450677842
 26700   0.902709  39.140227   7.830810 -0.00016759478255057303
 26800   0.898898  48.118281   9.568180 -0.00161203823738986785
 26900   0.895646  36.599152   7.309902 -0.00040474791778510877
 27000   0.882892  45.477422   8.984020 -0.00366580345826506004
 27100   0.870324  34.966567   6.986825 -0.00003677539398960761
 27200   0.878660  34.737559   6.943625 -0.00005548344832995156
 27300   0.920367  56.702823  11.546045 -0.00014526547054138916
 27400   0.895117  37.274372   7.464443 0.00004542084201819563
 27500   0.901703  41.569504   8.351457 -0.00023387465636659499
 27600   0.906390  38.291937   7.786924 -0.00049049984623739107
 27700   0.898279  38.761405   7.810670 -0.00318185015669136817
 27800   0.879857  28.650435   5.740577 -0.00084655963422797242
 27900   0.903804  38.110678   7.604415 0.00003733725526533505
 28000   0.873155  37.707978   7.450067 -0.00129916291607035106
 28100   0.902807  52.975722  10.523493 -0.00001162005483124062
 28200   0.898947  43.900811   8.784516 -0.00031679755589486547
 28300   0.882067  42.187769   8.312101 -0.00023092268444990793
 28400   0.910514  49.950811   9.984716 -0.00016965897830800714
 28500   0.869867  30.587692   5.963197 -0.00086631835842876370
 28600   0.917951  51.154675  10.391815 -0.00009632224625200081
 28700   0.912215  39.714828   7.984260 -0.00021920086178273124
 28800   0.899646  35.908756   7.167226 -0.00081041072111176504
 28900   0.877467  33.984508   6.818876 -0.00154470555922170405
 29000   0.916304  44.457443   8.975822 0.00001767242267902702
 29100   0.890662  42.103798   8.457732 -0.00209331049154570792
 29200   0.899440  46.281003   9.270451 -0.00001415819346917147
 29300   0.901267  46.561351   9.322411 -0.00098338532867359163
 29400   0.882028  35.618934   7.065510 -0.00012345495920218497
 29500   0.880608  36.087688   6.949893 -0.00340955633637740618
 29600   0.938305  66.475616  13.485863 -0.00015336967109469413
 29700   0.892727  42.151304   8.431527 -0.00015310243488997344
 29800   0.891374  41.531024   8.237881 -0.00003413881898772786
 29900   0.917063  45.126862   9.111243 -0.00015753771177529075
 30000   0.914486  44.443697   8.921661 -0.00115140969844773622
 30100   0.922911  65.091359  13.331318 -0.00051650990908136407
 30200   0.901209  51.818803  10.455602 -0.00081446308793609035
 30300   0.915242  47.787569   9.792359 -0.00014999912748159261
 30400   0.888869  36.117913   7.253563 -0.00091023826803571239
 30500   0.900248  37.812174   7.546471 0.00015320548359110120
 30600   0.890272  34.323437   7.013299 -0.00169360383904404443
 30700   0.896675  50.882519  10.280800 -0.00012060265984281671
 30800   0.941749  75.271482  15.373477 -0.00096783906966813049
 30900   0.931877  52.018202  10.640870 -0.00013506405133334454
 31000   0.884638  33.825305   6.722382 -0.00012451978186867052
 31100   0.899437  59.531786  11.880514 -0.00095882681082848364
 31200   0.910495  44.005641   8.860227 -0.00014000582473627787
 31300   0.912167  39.655641   7.974391 0.00018663012238651078
 31400   0.881498  35.100523   6.991130 0.00008965083787781936
 31500   0.897048  35.984430   7.240102 -0.00019362220757024318
 31600   0.882735  49.167338   9.780187 -0.00037868049641254231
 31700   0.915852  46.084568   9.476576 -0.00201658877380239687
 31800   0.877812  32.028838   6.332038 -0.00020395796823535761
 31900   0.908877  49.999766  10.031738 -0.00113013803276018621
 32000   0.914325  42.596951   8.544678 -0.00000460811700442321
 32100   0.902329  48.040342   9.602081 -0.00000124193941886119
 32200   0.906831  50.633174  10.131287 -0.00006507117453580236
 32300   0.887518  49.020445   9.727595 -0.00061132614897019266
 32400   0.881233  35.612635   7.040328 -0.00525762482243585794
 32500   0.922401  61.653718  12.685385 -0.00010437405286189971
 32600   0.917896  41.714634   8.482259 -0.00014318782514166628
 32700   0.927009  64.509134  13.181574 -0.00038461758582108985
 32800   0.894090  35.450620   7.022916 -0.00019772247929772391
 32900   0.913295  47.474588   9.497729 -0.00007459883908822462
 33000   0.906325  42.568130   8.543566 -0.00101898032741587485
 33100   0.878253  32.473277   6.341988 -0.00060243178845897916
 33200   0.870674  36.737517   7.183409 -0.00032450033364206377
 33300   0.908412  47.166359   9.582518 -0.00089283696656217160
 33400   0.906326  43.570113   8.789794 -0.00119360971438631225
 33500   0.894531  35.825733   7.137269 -0.00007274850537708488
 33600   0.906584  42.520828   8.349600 -0.00017409485986874529
 33700   0.915512  48.642729   9.916069 -0.00011931271716214553
 33800   0.894993  37.716422   7.486011 -0.00036397189936199226
 33900   0.900163  52.132811  10.358927 0.00002986235235979962
 34000   0.886429  39.694541   7.907365 -0.00002123560607270036
 34100   0.891961  52.617068  10.365952 -0.00007372917661818690
 34200   0.904816  46.546187   9.334783 -0.00031356111670532982
 34300   0.881963  37.232698   7.278180 -0.00119234670668877385
 34400   0.897938  37.421502   7.440508 -0.00027948067472127747
 34500   0.910532  40.338447   8.089701 -0.00020361621131392837
 34600   0.885316  31.277012   6.227361 -0.00001831709821420446
 34700   0.907128  47.690932   9.608176 -0.00010407545354418346
 34800   0.908395  41.863330   8.397855 -0.00007368374916616460
 34900   0.906233  48.021358   9.704635 -0.00008285917284034383
 35000   0.888257  41.046898   8.063791 -0.00016563391812240980
 35100   0.888127  41.008868   8.057952 -0.00011549076134365066
 35200   0.919317  42.129831   8.665277 -0.00006320166424345075
 35300   0.896979  49.733022   9.998599 -0.00013398404325037916
 35400   0.924850  44.435932   9.013865 -0.00010226824036152493
 35500   0.905156  34.830795   7.019124 -0.00001719879377493072
 35600   0.873420  32.346200   6.378877 -0.00041177558203298048
 35700   0.909023  42.168058   8.538735 -0.00000114200522993713
 35800   0.896685  37.992775   7.576931 -0.00039909132534354796
 35900   0.918662  44.254050   8.674435 -0.00009798238664693315
