100000 
   100   0.970404  28.020510   5.473069 -0.13103279868780948192
   200   0.937374  19.637233   4.816599 -0.19089587389751816460
   300   0.903862  23.401389   3.978236 0.00000000000000444089
   400   0.842277  13.735931   2.930708 -0.02251708838797572554
   500   0.944355  34.854786   7.071404 -0.03897218853374795344
   600   0.960090  23.580430   4.908268 -0.00432126934839249799
   700   0.973199  51.600498  11.441575 -0.05796434212629364424
   800   0.838771  29.013314   4.917144 -0.01511945567947403646
   900   0.775027  19.607246   3.376804 -0.00000000000000621725
  1000   0.960746  56.785351  12.356117 -0.13665966278022700919
  1100   0.848874  27.727262   5.428725 -0.01590109681571671985
  1200   0.911191  60.718332  13.116370 -0.03926850132996229092
  1300   0.966023  46.103527   9.543401 -0.06741066793360239728
  1400   0.856592  14.068580   3.096092 -0.00904473430582664051
  1500   0.886587  26.754549   5.207096 -0.00112278236674523413
  1600   0.908043  37.462181   7.397777 -0.00100371558420864204
  1700   0.970284  71.779323  14.900679 -0.00408636226917202805
  1800   0.868923  34.072694   6.971344 -0.01355844113154702768
  1900   0.828327  23.671420   4.547357 -0.00004717854587621417
  2000   0.963601 118.256418  26.104687 -0.02998176615547265556
  2100   0.858035  29.672369   5.583247 -0.01211405046248703599
  2200   0.861002  38.389812   7.876955 -0.01040595020275691951
  2300   0.979594  61.021340  12.787112 -0.02736935483823010884
  2400   0.933557  50.319037   9.854069 -0.00007540736930522485
  2500   0.832205  19.933791   3.890235 -0.00084062420818931116
  2600   0.915389  82.132995  14.625991 0.00000000000011723955
  2700   0.949196  72.610627  14.455060 -0.01327994311161617702
  2800   0.937884  65.905990  13.648221 -0.00373457322670489589
  2900   0.934043  37.520078   7.389975 -0.01053653308695778890
  3000   0.939031  46.967850   9.064154 -0.00064102972078394771
  3100   0.906648  26.815237   5.325278 -0.00316857888324584280
  3200   0.926242  61.840996  13.002263 -0.02299664656454680767
  3300   0.906307  28.244753   5.635242 -0.00514975418140473096
  3400   0.958569  80.215027  16.960674 -0.00244493816219915061
  3500   0.894516  42.082231   8.220094 -0.00397654330105901010
  3600   0.874393  22.166895   4.345442 -0.00173275025717334330
  3700   0.926650  40.503336   8.000692 -0.01240002034569620548
  3800   0.865708  29.644650   5.673205 -0.00608584785503563097
  3900   0.978153  94.685828  18.354405 -0.00007825411892525835
  4000   0.967861 146.055893  30.596419 -0.00229030429533594315
  4100   0.976294 115.058619  24.193795 -0.05270371225812198190
  4200   0.969282 142.946748  29.838615 -0.01002773607119067378
  4300   0.951325  72.240047  14.982371 -0.05363935638353645174
  4400   0.927925  54.373057  10.479170 -0.01235894124468472910
  4500   0.946523  94.715553  20.471388 -0.00821901053651430402
  4600   0.973304 115.558066  23.980982 -0.00987722380432742852
  4700   0.947973  54.419575  11.473882 -0.00054354772364995085
  4800   0.961792  77.648617  15.523358 -0.00636492068990435200
  4900   0.938204  38.661111   7.522702 -0.00437964383421984849
  5000   0.963216  62.710894  12.847126 -0.00860759037490588241
  5100   0.913454  45.173271   9.025134 -0.00066295963013551784
  5200   0.976538  97.728970  20.331058 -0.00408505126540958940
  5300   0.967382  68.008329  14.137380 -0.00321995246323503181
  5400   0.985219 181.363198  36.901453 -0.04290238593855377758
  5500   0.918728  28.156277   5.550001 -0.00446415751276774131
  5600   0.980746  97.132255  18.977585 -0.01523999923291441405
  5700   0.914947  37.383042   7.194428 -0.00016755806904633630
  5800   0.926502  46.722820   9.327907 -0.00054531397278445581
  5900   0.955654  55.969856  11.486459 -0.00159087535222468546
  6000   0.887972  35.646190   7.122129 -0.00116759236437502523
  6100   0.902944  33.974490   6.611101 0.00000000000000177636
  6200   0.937797  92.390965  18.670004 -0.00191199391423424458
  6300   0.916281  87.601505  17.102537 -0.00061412045254272130
  6400   0.947118  61.759787  12.496619 -0.00008803938312063053
  6500   0.929273  38.477386   7.434115 -0.00090027070264397935
  6600   0.930028  52.722675  10.649964 -0.00640745275613241461
  6700   0.899112  68.792772  13.836445 -0.01451723115370917583
  6800   0.898155  73.613107  14.460206 -0.00260474999784143790
  6900   0.945421  44.151776   8.943614 -0.00191971039103755459
  7000   0.906026  87.763015  16.938262 -0.00000000000003552714
  7100   0.944909  69.345448  13.858534 -0.02032257151941685436
  7200   0.913397  38.669472   7.734786 -0.00447953577931237135
  7300   0.913131  41.312371   8.241655 -0.00384160249187281977
  7400   0.934112  52.559032  10.383207 -0.00075322927908594295
  7500   0.942709  58.732954  11.777632 -0.00028316141644246784
  7600   0.956718  67.178505  14.220349 -0.00204763923729345265
  7700   0.948710 131.589809  26.437589 -0.00000000000001776357
  7800   0.927703  46.373511   9.005705 -0.00145820730937806786
  7900   0.942659  44.961496   9.066039 -0.00593909235111489409
  8000   0.913398  67.435534  13.728137 -0.02028268773655739210
  8100   0.979241  83.880060  17.712820 -0.00554830133182804275
  8200   0.968127 100.664160  20.329129 -0.00012072235322690972
  8300   0.883641  30.674179   5.979516 -0.00749240705312637090
  8400   0.929218  90.507778  18.467816 -0.02163021746415338953
  8500   0.958780  75.151810  15.399528 -0.01985471863729415531
  8600   0.933884  64.265166  13.023425 -0.00147970179303058558
  8700   0.904880  31.784692   6.320404 0.00000000000082156504
  8800   0.940684  67.419492  13.281302 -0.00340244005355572199
  8900   0.964002  88.818959  18.053490 -0.01967163851132980312
  9000   0.909747  29.443248   5.862156 -0.00032163321534550704
  9100   0.971930 256.318581  54.416238 -0.00216863662912913924
  9200   0.916866  48.607495   9.613749 -0.00208176656156133788
  9300   0.912600  40.310413   7.845617 -0.00407720602695249568
  9400   0.929091  75.246615  15.531707 -0.00591860899609208957
  9500   0.901762  30.612157   6.133604 -0.00493865564734008444
  9600   0.920128  49.280539   9.821242 -0.00406590935339146142
  9700   0.921689  64.821453  12.790542 0.00000000000199129602
  9800   0.972640  90.728816  18.161295 -0.00298476298655359074
  9900   0.962262  79.849623  16.444423 -0.00137323426797664183
 10000   0.940022  76.460634  15.337855 -0.00014810088589278791
 10100   0.913272  49.446049   9.720217 -0.00254064664012965125
 10200   0.968428 131.366938  26.922271 -0.00795170071341289031
 10300   0.982701 134.788105  28.408027 -0.00216500698711996620
 10400   0.934636  55.763238  11.113860 -0.00125490455334364981
 10500   0.906192  48.141929   9.361022 -0.00143681824084396226
 10600   0.952284  91.955071  18.147231 -0.00088303504892550677
 10700   0.970913 125.696696  25.655658 -0.00056455388886789137
 10800   0.909010  58.483618  11.827185 -0.00491765417431544449
 10900   0.925553  62.136961  12.056708 -0.00014262541412790597
 11000   0.944471 147.827580  29.718914 -0.00786835203231461833
 11100   0.901833  59.359643  11.518890 -0.00008890238976988485
 11200   0.950862 157.792567  31.587242 -0.01353687235720713034
 11300   0.891423  46.298308   9.130768 -0.00188083252080417651
 11400   0.954074  87.384716  17.628752 -0.00149774253866752360
 11500   0.982752 129.614761  26.666550 -0.00027792244880231465
 11600   0.911676  51.622564  10.284197 -0.00026363825135433672
 11700   0.909028  56.167847  10.946238 -0.01369302691955098794
 11800   0.879545  31.735077   6.042398 -0.00071334075501727767
 11900   0.932152  57.414584  11.549614 -0.00084937779966054450
 12000   0.948479  82.826334  16.544269 -0.00029104567432725048
 12100   0.935887  46.236970   9.216824 0.00000000000057376326
 12200   0.961309 138.056203  28.110734 -0.04367910382514494927
 12300   0.942591  69.296450  13.774703 -0.00007952829383661708
 12400   0.975696  96.731083  19.953755 -0.00093089998926032536
 12500   0.968303 172.819391  34.729664 -0.00012064125294131145
 12600   0.897791  39.367732   7.744338 -0.00110654630977968793
 12700   0.935341  70.072885  14.205559 -0.00213179689489706448
 12800   0.935283  84.958562  16.715372 -0.00420705409419497300
 12900   0.925101  52.717481  10.391438 -0.00085342879728500520
 13000   0.981555 203.859054  41.618250 -0.00035969210892972114
 13100   0.908158  46.896238   9.328987 -0.00014257331971556653
 13200   0.960338  61.928656  12.455509 -0.00059519578302413834
 13300   0.938887  60.397334  12.143021 -0.00002171493707159300
 13400   0.919621  43.529577   8.555128 -0.00135808587705810169
 13500   0.952036  82.957408  16.652599 -0.00033234504275370114
 13600   0.962502 139.537331  28.643136 -0.00305691066250446397
 13700   0.959703  72.904708  14.508186 -0.02486204671516922815
 13800   0.989193 109.673127  22.817868 -0.00685768702437528077
 13900   0.928896  48.105416   9.409918 -0.00005538005092020626
 14000   0.901539  49.838777   9.508070 -0.00045691490651655897
 14100   0.934119  57.641368  11.397195 -0.00026153475678114546
 14200   0.973410 127.075085  25.754439 -0.00063777180447743831
 14300   0.917672  45.194729   8.816730 -0.00414317863495483607
 14400   0.947481  53.475765  10.745215 -0.00192855708078276677
 14500   0.969499 125.730191  25.143581 -0.00245671317596674044
 14600   0.924815  54.874338  10.817498 -0.00327068475714753504
 14700   0.940941  66.471512  13.234358 -0.00115952864197055305
 14800   0.942200  65.653283  13.103783 -0.00025779824947314012
 14900   0.951990 111.750018  22.274446 -0.00055777966225534215
 15000   0.907288  51.244586  10.395818 0.00000000000121502808
 15100   0.950685  74.248389  15.021246 -0.00544833850736381464
 15200   0.920868  55.056251  10.953002 -0.00029412729044331343
 15300   0.958944  94.196033  19.023905 -0.00000000000150635060
 15400   0.984348 126.102584  24.962051 -0.01281128866689229540
 15500   0.909086  43.740877   8.629191 -0.00046075400784140186
 15600   0.934366  53.934980  10.907491 -0.00742761083028931068
 15700   0.946085  52.528748  10.522112 -0.00036679750190948823
 15800   0.926064  56.380769  11.336583 -0.00023388048276551388
 15900   0.916918  42.512650   8.362987 -0.00318123985515761376
 16000   0.962037  65.399801  13.013097 -0.00146295594799816797
 16100   0.933865  81.946285  15.737460 -0.00029807829977634981
 16200   0.916795  48.589745   9.528767 -0.00022225383233021034
 16300   0.972952 117.943392  24.462914 -0.00129487642562864380
 16400   0.909117  66.099649  13.098714 -0.00030234205718393525
 16500   0.926970  54.317392  10.445377 -0.00002184474410071857
 16600   0.947757  82.270235  16.974066 -0.00036458462140132042
 16700   0.944539  69.913705  13.605784 -0.00017648565131977989
 16800   0.945377  59.157678  11.841701 -0.00039804754391781216
 16900   0.944575  77.364185  15.568833 -0.00013716596242296930
 17000   0.956462 117.293384  23.784441 -0.00541747426964178658
 17100   0.949802  81.982809  16.487164 -0.00048943879715679373
 17200   0.955332 101.299858  20.666198 -0.00015049124911215017
 17300   0.959534  69.651216  14.147611 -0.00809320554610337695
 17400   0.948028  93.375788  18.551730 -0.00000000000324007488
 17500   0.963670 104.491748  20.945777 -0.00034021150569074621
 17600   0.962362  82.572707  16.596990 -0.00200060756445097354
 17700   0.935908  46.295783   9.311222 -0.00024591495142267661
 17800   0.924717  50.924820  10.178894 -0.00320927995941566735
 17900   0.942168  74.572116  14.701407 -0.00054859409957863647
 18000   0.914545  57.053501  11.340742 -0.00022581920864617189
 18100   0.968014  77.105453  15.671233 -0.00119619046454033651
 18200   0.922536  56.168279  11.306813 -0.00091125714689788140
 18300   0.938824  58.084114  11.574067 -0.00149351806981812274
 18400   0.958750 107.298555  21.388848 -0.00088574985585765376
 18500   0.920693  48.442435   9.570398 -0.00025583718439747827
 18600   0.926831  59.157500  11.710538 -0.00010276081789584168
 18700   0.962758  76.319246  15.618994 -0.00400468854789082229
 18800   0.951666  76.337534  15.311124 -0.00104847120311468700
 18900   0.950896  93.497455  18.644587 -0.00048805011028107970
 19000   0.956202  98.897139  19.758579 -0.00002835191364880529
 19100   0.897083  51.187553   9.754595 -0.00051997103303236258
 19200   0.949842  87.122736  17.269219 -0.00104796370252557836
 19300   0.942804  61.610541  12.424232 -0.00002825998053879175
 19400   0.927820  57.368711  11.310772 -0.00032716732477844346
 19500   0.956817  84.716199  16.963527 -0.00143528714067286955
 19600   0.981280 100.402462  20.718758 -0.00205588656413269177
 19700   0.931257  85.335566  17.235854 -0.00019800524375668260
 19800   0.931208  75.119157  14.735015 -0.00047991682151504733
 19900   0.940468  72.625266  14.127108 -0.00014886261024216196
 20000   0.955260  77.799741  15.648630 -0.00078801802646033536
 20100   0.956175  98.227353  19.448795 -0.00119828163443358449
 20200   0.932914  74.899827  14.919377 -0.01609352946947595342
 20300   0.935761  53.185312  10.639465 -0.00021720477018405404
 20400   0.938600 137.170846  27.016297 -0.00098068748283708373
 20500   0.975273 127.023795  25.974085 -0.01312448876346294924
 20600   0.913881  87.283716  16.955749 -0.00101957064727642432
 20700   0.933131  56.953710  11.261427 0.00000000000438227232
 20800   0.938114  72.645186  14.366055 -0.00931005353286806780
 20900   0.942354  69.470778  13.804179 -0.00022973716171748038
 21000   0.913247  45.298919   8.695666 -0.00388339728366915438
 21100   0.958382  84.630839  16.612252 -0.00106210204025458665
 21200   0.923999  50.650969  10.105120 -0.00595979871359197944
 21300   0.978150 169.536003  34.517130 -0.00294681382091255273
 21400   0.985242 174.330992  36.555421 -0.01335622262305946606
 21500   0.962962  85.758120  17.250137 -0.00120618551288842468
 21600   0.938954  71.817834  14.465207 -0.01140652637128347635
 21700   0.920600  45.549481   8.704580 -0.00439736552270986181
 21800   0.944027  64.687794  12.987925 -0.00007854749907210135
 21900   0.940108  88.020834  17.750082 -0.00279587091704058821
 22000   0.969555  73.012839  14.798001 -0.00037437733941736440
 22100   0.953813 174.667320  35.559528 -0.00621607879905639038
 22200   0.959547  81.941138  16.406611 -0.00007128004894951800
 22300   0.946217  74.612203  14.838580 -0.00021473931252735667
 22400   0.952049 121.514677  24.193777 -0.00066357427432350846
 22500   0.936099  66.359582  13.050592 -0.00012526708140292442
 22600   0.935964  77.824940  15.689015 -0.01027302653178807645
 22700   0.933355  59.568497  11.784116 -0.00099899281748427882
 22800   0.961176  71.270021  14.203596 -0.00039432958479679314
 22900   0.945708  77.134719  15.555382 -0.00292683738764942802
 23000   0.926157  50.229475  10.038644 -0.00069936517398438980
 23100   0.958569 109.266518  22.031960 -0.00108950186774592339
 23200   0.975486 125.230772  25.530704 -0.00125907733293573187
 23300   0.962150  96.913329  19.478190 -0.00014084557099991457
 23400   0.980458 234.127884  47.085645 -0.00007419898480520715
 23500   0.920452  59.226486  11.711491 -0.00023152594147468619
 23600   0.972602 108.950728  21.905239 -0.00032064080823346330
 23700   0.941733  89.725251  18.004894 -0.00072993098004303647
 23800   0.959905 153.991164  31.095786 -0.00007656860658755704
 23900   0.945329  75.396376  14.953056 -0.00003330397075451685
 24000   0.982678 143.051757  28.846630 -0.00810180027618301324
 24100   0.966685  98.431992  19.855231 -0.00270821069239346457
 24200   0.929638  46.852680   9.355021 -0.00002634995253458783
 24300   0.933121  52.692415  10.507913 -0.00238020128125349117
 24400   0.968136  70.465679  13.910827 -0.00036877888030772965
 24500   0.939611  79.310797  15.688485 -0.00210417950330032966
 24600   0.960874 113.006413  22.408442 -0.00449619334649398184
 24700   0.925633  62.358232  12.167464 -0.00122777766302206714
 24800   0.966046 154.081437  31.298311 -0.00258700515930243569
 24900   0.922103  62.466663  12.452903 -0.00029019936718377437
 25000   0.954198  70.102918  13.908237 -0.00018157657271444805
 25100   0.966132  82.100808  16.686491 -0.00515904923906163049
 25200   0.987127 151.718815  30.849411 -0.00008179752072123847
 25300   0.944454  54.501107  11.000878 -0.00489833200026801308
 25400   0.902431  39.740524   7.719351 -0.00032441809772087993
 25500   0.966763 109.859582  22.513701 -0.00105092418848329316
 25600   0.964583  84.050618  17.009751 -0.00064891283846080228
 25700   0.946633  80.455300  16.113837 -0.00226722541162871494
 25800   0.933527  57.927260  11.437910 -0.00160066246820989022
 25900   0.935308  58.049408  11.696686 -0.00060572372329303903
 26000   0.983511 183.191820  36.362797 -0.00077892302606130670
 26100   0.912159  46.635582   9.189064 -0.00046897375431242949
 26200   0.984699 135.597067  27.916306 -0.00530397374711100156
 26300   0.944655  74.613779  14.981815 -0.00051852660599571720
 26400   0.946869  65.082817  13.036186 -0.00009971134213593302
 26500   0.942099  56.241383  11.256678 -0.00008775200168820163
 26600   0.971410 123.873277  25.336532 -0.00160754566430298951
 26700   0.909528  46.532760   9.114797 -0.00004654624039091004
 26800   0.967301 132.683052  26.638258 -0.00232035726664037156
 26900   0.960004 131.021649  26.878600 -0.00762674166773535944
 27000   0.928636  64.009175  12.441487 0.00000000000626165786
 27100   0.934215  60.403965  12.278598 -0.00056933576758311233
 27200   0.953229  77.293441  15.678274 -0.00206431056080447206
 27300   0.946357  76.604396  15.500465 -0.00000000000475530726
 27400   0.932296  62.373955  12.344500 -0.00053506698646010875
 27500   0.952579  83.884231  16.861759 -0.00049670903378995490
 27600   0.947896  97.469840  19.827424 -0.00556985841359036726
 27700   0.946146  56.293660  11.264086 -0.00074311910942803650
 27800   0.963560 132.220581  27.009931 -0.00016533855161426914
 27900   0.911372  45.673389   8.985330 -0.00037672275490763241
 28000   0.940822  78.764928  15.506628 -0.00162411400578932330
 28100   0.965068 124.643856  25.052388 -0.00058342623850649034
 28200   0.944117  86.681788  17.498365 -0.00705286657863624100
 28300   0.941211  73.450670  14.503237 -0.00002602463538536881
 28400   0.965735 148.568291  29.952031 -0.00226576647802545494
 28500   0.973918 111.913234  22.582822 -0.00009027791266547069
 28600   0.952106  99.713913  19.778844 -0.00007335650760253998
 28700   0.945464  65.034105  12.986192 -0.00023469312489154959
 28800   0.945671  71.881783  14.425821 -0.00045326442574555870
 28900   0.936451  54.708222  10.968070 -0.00007633519873806449
 29000   0.955518 139.071097  27.980018 -0.00204556998075844376
 29100   0.983858 176.862517  36.375077 -0.00025487539856072772
 29200   0.956036  97.363705  19.707553 -0.00192849595591226830
 29300   0.923906  61.538501  12.116328 -0.00234594009772948198
 29400   0.939603  50.135128   9.989405 -0.00010465978178508806
 29500   0.947276  83.394297  16.410200 -0.00010196832384323784
 29600   0.961550 101.438977  20.210088 -0.00916779071781093080
 29700   0.955494 101.756817  20.402024 -0.00073186243827549902
 29800   0.958283  95.923970  19.274898 -0.00002538005796282050
 29900   0.968351 153.003128  30.953674 -0.00003612995157453724
 30000   0.962693  84.662758  16.982793 -0.00055640570007398082
 30100   0.929389  80.382119  16.046905 -0.00014347546152393420
 30200   0.960870  94.702669  19.070254 -0.00512177384065282126
 30300   0.959853 103.232135  21.089265 -0.00347938404259551248
 30400   0.924137  72.979209  14.508334 -0.00108559884127323869
 30500   0.976265 112.494939  22.970651 -0.00044720115068130895
 30600   0.931240  77.462986  15.737386 -0.00076430439603925038
 30700   0.918551  63.059710  12.568802 -0.00000481576046773569
 30800   0.969813 129.877426  26.266377 -0.00006766294485771596
 30900   0.924959  57.162107  11.424113 -0.00090861912398310096
 31000   0.935936  72.863833  14.405671 -0.00021431724601939095
 31100   0.956365 114.816161  23.129358 -0.00000687043996805414
 31200   0.953282  81.675660  16.404654 -0.01163031419164539670
 31300   0.936119 100.215983  19.994283 -0.00408853607083514703
 31400   0.957359 106.962511  21.629295 -0.00165899278536230099
 31500   0.940833  75.565965  15.306560 -0.00094551573543455447
 31600   0.938269  66.346975  13.199264 -0.00084415328904263731
 31700   0.949298  85.518645  17.157198 -0.00048615381954775216
 31800   0.963179 147.216516  30.016693 -0.00066239126654465963
 31900   0.932361  49.866525   9.813120 -0.00073750430636110309
 32000   0.929647  62.929286  12.508866 -0.00029643396019096713
 32100   0.978880 130.313538  26.358589 -0.00047036345310047523
 32200   0.970537 181.737527  36.644378 -0.00226096365806682797
 32300   0.943684  78.541716  15.698396 -0.00022023701637507997
 32400   0.903379  37.914797   7.380197 -0.00031649782196740972
 32500   0.986690 349.680413  72.194613 -0.00094280226991827476
 32600   0.929368  66.801952  13.354793 -0.00354809560947089153
 32700   0.944240  74.449068  14.942012 -0.00016627840273031325
 32800   0.944526  62.312038  12.406359 -0.00665483603468253193
 32900   0.951518  76.031920  15.222294 -0.00026727555994554564
 33000   0.910213  51.948702  10.117116 -0.00028758145460550111
 33100   0.954786  89.287642  17.735074 -0.00106634987422538074
 33200   0.932796  87.847384  17.423677 -0.00026895062847742679
 33300   0.943049  75.584002  15.141038 -0.00073002531197374765
 33400   0.942605  76.231444  15.351088 -0.00018995530358623114
 33500   0.961107 170.317606  34.037766 -0.00033458954506926375
 33600   0.920433  60.104688  11.682193 -0.00423353663454051343
 33700   0.938863 101.058338  20.153180 -0.00451002890078200380
 33800   0.946365  65.149425  12.934845 -0.00059288772053633920
 33900   0.943286  53.049038  10.563935 -0.00205598142454554988
 34000   0.906571  47.444639   9.294206 -0.00075732673680306561
 34100   0.952621  69.403262  13.800981 -0.00029571421295138123
 34200   0.949016  98.547438  19.732416 -0.00300548155712121456
 34300   0.929811  52.352314  10.196786 -0.00046762944460709832
 34400   0.938346  55.506456  11.022172 -0.00005490303554722686
 34500   0.968358 233.965037  46.881108 -0.00006046286846839166
 34600   0.931940  49.243383   9.751493 -0.00040459264646841575
 34700   0.942516  68.827933  13.843649 -0.00127858129246050112
 34800   0.947469 102.044169  20.376068 -0.00344301554016723799
 34900   0.945314  67.466148  13.502027 -0.00086846760964576220
 35000   0.950813  92.386065  18.561082 -0.00323769884428415367
 35100   0.947067  85.398488  16.804289 -0.00047846189752931423
 35200   0.943411  67.723372  13.573396 -0.00013796072510885438
 35300   0.978684 166.213694  34.087596 -0.00269126529454410957
 35400   0.937130  82.640200  16.499743 -0.00028364058653096436
 35500   0.949914  70.682717  14.205409 -0.00281292201808369668
 35600   0.964089 106.046094  21.203261 -0.00000000000063948846
 35700   0.929063  54.646444  10.960788 -0.00064587958371120635
 35800   0.946164  73.260893  14.799411 -0.00010810733693311647
 35900   0.963178  93.990874  18.350448 -0.00002683381580226296
 36000   0.935373  66.649757  13.150925 -0.00129360635450836980
