100000 
   100   0.971566  29.328642   5.734696 -0.13103279868780948192
   200   0.940409  18.658702   4.661808 -0.00286727248587226313
   300   0.869385  28.754220   4.747867 -0.04450254938374431646
   400   0.895257  14.828550   3.034898 -0.00495455696702906678
   500   0.942080  32.894038   6.349324 -0.16369548175403814128
   600   0.905898  22.376153   4.435033 -0.00290397681797127660
   700   0.985598  74.607556  16.501908 -0.01833655857030791481
   800   0.980338  57.585492  11.246308 -0.27079036346288987147
   900   0.952182  27.005681   5.049565 -0.02150167192900731550
  1000   0.976354  56.673839  12.729867 -0.02174691732336242467
  1100   0.943648  39.799225   7.924018 0.00035414137159595072
  1200   0.982212 106.780033  24.063922 -0.13955221557486297002
  1300   0.980139  48.474841   9.895550 -0.02314853016451756673
  1400   0.988170 101.825224  24.347733 -0.01758847053734413635
  1500   0.967041 178.505371  38.067874 -0.01327224857524811341
  1600   0.814618  26.904173   4.792332 0.00002586631313938881
  1700   0.985138  40.610683   8.378306 -0.00660596153958614707
  1800   0.950931  34.788644   7.147302 -0.00369714858926162293
  1900   0.963480  46.274470   9.653733 -0.01519616297025194740
  2000   0.921294  27.928160   5.696922 -0.01438706101286513217
  2100   0.981927  93.112824  18.442949 -0.00225854288136773107
  2200   0.984147 112.029373  24.331769 -0.00915880451053041611
  2300   0.970609  43.708298   8.844796 -0.01088545444122246408
  2400   0.965418  87.691444  17.135868 -0.00050137922908533028
  2500   0.963618 112.184516  23.550087 -0.00866124418541858176
  2600   0.977254 135.514450  25.256881 -0.02177647651363301406
  2700   0.883761  31.942228   5.855438 -0.14260293469990159565
  2800   0.995618 140.266504  29.654588 -0.00175823810864983443
  2900   0.966894  99.046528  19.329813 -0.00133663127065375420
  3000   0.979950  61.480863  11.864869 -0.00093786186379141157
  3100   0.995379 174.341489  36.838700 -0.11044825260260893174
  3200   0.978583  51.312212  10.740146 -0.00334863341989155572
  3300   0.991968 141.610024  30.362584 -0.06211477387969566166
  3400   0.958942 126.907315  26.142157 -0.02314548602675969846
  3500   0.988076 111.929644  23.049077 -0.00842975146802160680
  3600   0.961845 105.611109  21.461652 -0.01260662444669335969
  3700   0.972216 193.300755  39.844601 -0.01714935861088662250
  3800   0.893254  25.724547   4.729768 -0.00219517306005112545
  3900   0.923166  49.958572   9.413629 -0.00164067382050703259
  4000   0.999564 193.027702  40.855138 -0.01847806918755878769
  4100   0.973607 218.597480  47.048036 -0.03039692281743100466
  4200   0.975666 187.014578  38.817782 -0.01000641289139991841
  4300   0.985538 171.803402  36.254720 -0.02376534190481294218
  4400   0.930374  79.086452  14.931272 -0.00528243873419675936
  4500   0.938393  82.333669  17.398927 -0.01921800222736891328
  4600   0.950679  81.912785  16.308136 -0.00319248280992567857
  4700   0.966710  86.075317  18.227099 -0.03185645383095092598
  4800   0.939750  39.481255   7.758535 -0.00611153952366372266
  4900   0.923355 121.730593  23.299151 -0.00356305228513775774
  5000   0.983090 145.615350  30.111202 -0.03117555772010405235
  5100   0.932813  35.727607   7.067790 -0.00067197582026778946
  5200   0.973479  78.849930  15.946219 -0.00572870605879494121
  5300   0.954703  84.475744  17.201360 -0.01256530768412389421
  5400   0.936032  59.660205  11.743753 -0.05571022827846050518
  5500   0.936346  75.128088  14.311517 -0.00379891857658165577
  5600   0.986766 196.156384  38.680045 -0.09586905175858362327
  5700   0.978403 189.160869  37.891297 -0.00724922355409063357
  5800   0.991559 138.078594  27.853321 -0.00046480115754121698
  5900   0.885412  33.519991   6.417804 -0.00212638716754298684
  6000   0.955789  74.524087  15.173359 -0.01713390508036027882
  6100   0.978793 133.043813  27.174763 -0.00107136028332988076
  6200   0.903238  61.683294  12.337312 -0.01924426724496086649
  6300   0.980798 127.157917  25.695955 -0.01820166346220020159
  6400   0.974545  80.887834  16.307956 -0.00863672660258885116
  6500   0.971923  94.648860  18.543634 -0.00754273176795194900
  6600   0.944947  48.195295   9.643831 -0.03173916517624242317
  6700   0.973162  85.621183  17.452731 -0.00376697286079874516
  6800   0.954110  76.320772  15.080158 -0.00441846537224144242
  6900   0.989463  92.065026  18.611196 -0.01529325096628753045
  7000   0.962863 132.578407  26.325928 -0.00035579588102052639
  7100   0.998891 119.708947  24.674092 -0.00955543073863296399
  7200   0.973635 121.767855  24.231005 -0.00418034710904890972
  7300   0.905022  50.471883  10.045319 -0.00757424440154608192
  7400   0.974410 105.518459  20.874815 -0.00072848826919624798
  7500   0.968859  77.481287  15.422974 -0.01129842437847905501
  7600   0.929746  68.353743  13.979590 -0.00594513045233036053
  7700   0.973559  89.251985  18.155231 -0.00812734957921534829
  7800   0.964003  78.494209  15.093179 -0.00186100780357634221
  7900   0.982239 104.868044  21.538943 -0.00546670692567374772
  8000   0.963979  72.407430  14.453034 -0.01940140977706406034
  8100   0.996383 224.452258  48.017063 -0.00463599039356665799
  8200   0.933599  90.384523  17.512086 -0.00267073404469186926
  8300   0.961291  86.327755  17.213113 -0.00043329718695162001
  8400   0.965267  60.986231  12.158794 -0.00215088982555755592
  8500   0.995952 252.965827  52.694195 -0.01197935028866936591
  8600   0.982080  85.996986  17.413857 -0.00553304284913025413
  8700   0.991295 134.085121  27.417862 -0.00023303658724671550
  8800   0.945471  75.133336  14.572304 -0.00185553550468497974
  8900   0.978093 111.227891  22.404632 -0.00341434680128571699
  9000   0.928063  42.629386   8.352045 -0.00331489051557909420
  9100   0.962977 251.337376  52.684046 -0.01394456821724787687
  9200   0.966317  85.709037  17.268023 -0.00421116863020642995
  9300   0.944675  62.997769  12.312236 -0.00958551137462571035
  9400   0.947983  65.398687  13.079812 0.00007466531095445816
  9500   0.991394 143.900041  29.408786 -0.00741162862395938760
  9600   0.908463  39.388594   7.720525 -0.00128028551462833207
  9700   0.972142  93.545609  19.003761 -0.00432115961212886646
  9800   0.968054 135.944592  26.541574 -0.02310874454508393683
  9900   0.976361 244.855695  50.017617 -0.01703712853875316569
 10000   0.957563  98.104269  19.919562 -0.00541529359329118165
 10100   1.000000 172.646474  34.476467 -0.01864013435643840921
 10200   0.932421  56.889444  11.280615 -0.00803518306326900245
 10300   0.973354  92.176105  18.470083 -0.00093452899853474491
 10400   0.946839  75.784833  15.135191 0.00008509409440371485
 10500   0.970901  91.303520  18.082831 -0.00396158868334950398
 10600   0.968429 345.716751  68.386986 -0.03883882239175306950
 10700   0.937678  84.458147  16.875697 -0.00014546301891726898
 10800   0.962205 166.656092  32.781366 -0.00976309657625762384
 10900   0.991631 140.065263  28.586028 -0.00527565330720136672
 11000   0.965742 127.593465  25.065061 -0.00125505008626802805
 11100   0.982648 124.095179  24.764645 -0.00967227094998435177
 11200   0.945588  75.128147  14.770377 -0.00035325301272060017
 11300   0.944632  75.273425  14.728029 -0.00024915741881414988
 11400   0.942424  51.720781  10.216395 -0.00072729399953530560
 11500   0.947949 103.842169  20.534028 -0.00866152567538236440
 11600   0.952749  87.556617  17.599807 -0.00209231573825618966
 11700   0.993547 192.632655  39.150772 -0.00140304179070227519
 11800   0.930582  91.459109  17.817599 -0.00142600650935875706
 11900   0.965883 186.006602  37.226101 -0.00648084622066136262
 12000   0.961222 126.917588  25.408006 -0.00724135749691257047
 12100   0.967592  74.237131  14.596131 -0.00588368790464954827
 12200   0.990377 155.448935  31.419630 -0.01418313989403330311
 12300   0.978400  81.365574  16.457296 -0.00104143792152910919
 12400   0.984178 199.914156  40.113841 -0.01408891085404206933
 12500   0.957293  49.768143   9.910065 0.00023284876291285173
 12600   0.974232 226.086351  45.356691 -0.02206910573284659449
 12700   0.985987 157.827232  32.595807 -0.00110864684302924843
 12800   0.972451  94.059754  18.614482 0.00093885192115905625
 12900   0.947588 120.446992  23.481433 -0.00106181512704850434
 13000   0.971238  95.072646  19.152192 -0.00860305588282272993
 13100   0.950201  90.909460  18.118075 -0.00135994658260329970
 13200   1.000000 318.949875  65.524479 -0.00522229268142382352
 13300   0.999883 268.614770  54.975696 -0.01964325678707012912
 13400   0.940307  56.039013  10.844095 -0.00405432926424076356
 13500   0.972227 165.191898  33.521213 -0.00662395969447260313
 13600   0.943394 108.816043  21.690068 -0.00113002442740750553
 13700   0.978102 139.708482  27.492578 -0.00041960039535737792
 13800   0.955678 111.538491  21.999543 -0.00101974853323838488
 13900   0.950640  49.075745   9.735266 -0.00220899465338852963
 14000   0.962861  82.707865  15.997704 -0.00036047098678793077
 14100   0.961910  82.866248  16.298047 -0.00485905093925254050
 14200   0.976706 125.266142  24.891491 -0.00294980141509526561
 14300   0.955476  68.122165  13.364171 -0.00778168803383927354
 14400   0.948220  57.822348  11.341140 -0.00248064866354980040
 14500   0.967848 182.662557  36.191238 -0.00114304192334913068
 14600   0.981670 206.694082  41.622863 -0.01325295353240107943
 14700   0.964704 174.726648  34.759728 -0.00730902316401937924
 14800   0.991997 149.676222  30.014244 -0.00190595960969019984
 14900   0.979845 137.906145  27.071811 -0.00036883712924762335
 15000   0.966862  87.803107  17.932559 -0.00268931228792723687
 15100   0.999267 327.825381  68.819038 -0.00258173923388937965
 15200   0.981895 112.713174  22.563681 -0.00119950360818776858
 15300   0.991996 194.124876  39.138950 -0.00322272069160334240
 15400   0.994768 270.069056  53.565202 -0.01018582106244281249
 15500   0.958838  78.084581  15.444387 -0.00124701534100069011
 15600   0.970242 266.037535  54.308726 -0.00727063648452030975
 15700   0.970764 222.479052  44.733176 -0.00353519281211589487
 15800   0.998181 448.352580  93.616765 -0.02649576036736789320
 15900   0.977415 199.054794  40.358434 -0.00336781529701113413
 16000   0.965759 208.102799  40.425185 -0.03780347023852215216
 16100   0.991964 168.938602  33.010319 -0.00091386288510619806
 16200   0.983937 167.006551  33.605790 -0.00170135167625318218
 16300   0.990866 118.361131  23.799424 -0.01076889033716454946
 16400   0.991798 179.475935  36.430213 -0.00121330038646050298
 16500   0.996009 208.164316  42.156862 -0.00587358181027042292
 16600   0.980125 103.607509  20.465595 -0.00000918287673457030
 16700   0.994190 292.062675  59.021530 -0.00311218515550137909
 16800   0.978516 111.917456  22.480400 -0.00301711263278292563
 16900   0.968821 129.383066  25.371314 -0.00001620866874674221
 17000   0.984346 168.150968  34.503470 -0.00704303287756147256
 17100   0.979607 170.520054  33.724589 -0.00048868546022617920
 17200   0.991661 226.619894  45.913753 -0.00312633885472024531
 17300   0.992417 208.734514  43.477820 -0.00652617552652401400
 17400   0.971427 184.176408  36.215442 -0.01650325491685578072
 17500   0.970178 164.503425  32.458795 -0.00008075905822835239
 17600   0.998952 194.296775  39.320425 -0.00259316509068696632
 17700   0.979015 122.404107  24.674472 -0.00689891968117706256
 17800   0.983564 181.925593  36.781136 -0.00258364284822221180
 17900   0.996209 368.824069  74.115092 -0.00000145769841708443
 18000   0.999498 406.358207  82.975214 -0.01216232116941284858
 18100   0.988582 252.967057  52.164192 -0.00851621868831387019
 18200   0.963939 104.794917  20.875632 -0.01425596093811876131
 18300   0.995764 267.927879  54.999006 -0.00673440547341641604
 18400   0.958825 267.137045  52.478232 -0.00548656620499343717
 18500   0.962503 105.685767  20.964215 -0.00155601821037976151
 18600   0.970646 113.446765  22.252891 -0.00951183719777048964
 18700   0.980693 195.213641  40.326956 -0.01023667073243927916
 18800   0.961321 151.476065  30.174314 -0.00004002282750548147
 18900   0.939312 197.090519  39.105708 -0.04126602620475949834
 19000   0.985098 151.755424  30.526332 -0.00046935325030261765
 19100   0.966011 102.017076  19.686779 -0.00625527708806572491
 19200   0.985585 467.794955  94.482808 -0.05075544418023980597
 19300   0.987722 194.707739  39.364720 -0.00054434710308726153
 19400   0.968545 107.112730  21.355201 -0.00108946642036045205
 19500   0.985727 148.149810  29.584678 -0.00729705874917030428
 19600   0.971296 195.463373  39.081123 -0.00157865001086321399
 19700   0.963314  83.616554  16.851582 -0.00330794332787931467
 19800   0.970450 161.032208  32.469983 -0.02111172876025335654
 19900   0.962162 141.376772  27.248960 -0.00336618923323683816
 20000   0.961363 104.658923  20.653258 -0.00641337555636312118
 20100   0.975966 217.698700  42.846226 -0.00034365117610235529
 20200   0.988013 388.260225  78.054644 -0.00103823828069948831
 20300   0.970027  63.892822  12.593891 -0.00212272276699465579
 20400   0.972339 200.041302  40.389092 -0.01140618642151025597
 20500   0.995435 289.320023  58.029859 -0.00350409901010095837
 20600   0.966457 193.462570  38.108588 -0.00166053205125393788
 20700   0.968805 147.496649  29.496997 -0.00233274273874783944
 20800   0.970453  90.002715  17.423327 -0.00171827104852795287
 20900   0.974050 234.410165  46.992422 -0.00176862271324296216
 21000   0.986902 252.854338  50.838051 -0.00975179629848099694
 21100   0.991139 221.969001  43.466439 -0.00161381148309658329
 21200   0.978493 219.233339  43.731405 -0.00150918625791973682
 21300   0.999171 423.686689  85.809499 -0.00197462849276064389
 21400   0.988711 323.399088  65.759576 -0.00831317408612619602
 21500   0.992400 252.577479  52.022279 -0.00868192901144482221
 21600   0.968133 121.588572  24.122806 -0.00351895934628743134
 21700   0.990507 342.708917  67.947506 -0.00993495670606137082
 21800   0.988282 219.637381  44.306533 -0.00379723783900232092
 21900   0.982517 144.803184  28.922377 -0.01181137893085093538
 22000   0.971816 166.928977  33.385706 -0.00008945572968599436
 22100   0.989722 131.002726  26.419810 -0.00006141681257787468
 22200   0.987671 178.993677  36.004772 -0.00359517739291703720
 22300   0.958487 101.878428  20.222780 -0.00214414496602444160
 22400   0.998108 211.087986  42.477146 -0.00431134784117404024
 22500   0.950807  71.338875  13.867943 -0.00033470517355560503
 22600   0.962440  70.854243  14.069510 -0.00728469226068817477
 22700   0.960978  96.974481  19.226192 -0.00636837991513417023
 22800   0.995625 419.451243  85.504582 -0.02299826247099190368
 22900   0.976475 220.780141  44.002657 -0.00875511573971721191
 23000   0.995698 148.773921  30.573534 -0.00274060182163538002
 23100   0.962393  95.723104  18.965388 -0.00933479617787824623
 23200   0.970212 132.398851  26.362730 -0.00290290573292750764
 23300   0.990446 144.292260  28.851191 -0.00106838497006478406
 23400   0.955364  91.404330  18.090992 -0.01409675928621467733
 23500   0.986419 206.100637  40.725486 -0.00350788016001502001
 23600   0.994774 260.117169  52.684649 -0.00009958824997369220
 23700   0.951378  82.561098  15.961554 -0.00025809422571754226
 23800   0.955630 135.840652  26.972192 -0.00188036208941255722
 23900   0.990480 329.627844  65.955603 -0.01134142456061226767
 24000   0.971956 120.842667  24.018963 -0.00355213661405073822
 24100   0.981216 238.559386  48.139197 -0.02802174307721116975
 24200   0.984214 209.954015  42.181652 -0.00869417134838812444
 24300   0.995578 249.042774  50.966074 -0.00058107304033683249
 24400   0.986495 195.780418  38.799497 -0.01156380765744557948
 24500   0.972345 163.060325  31.773456 -0.00001335779258226921
 24600   0.938240  80.600058  15.536653 -0.00015538180341323482
 24700   0.987380 448.836359  88.821415 -0.00093773424512733072
 24800   0.977132 143.028852  28.324751 -0.02149156092599469048
 24900   0.981073 111.171887  22.511320 0.00012858201789001100
 25000   0.998058 453.379470  92.811341 -0.02263961862490759813
 25100   0.980472 102.090924  20.328273 -0.00449710738347519623
 25200   0.999915 432.168406  88.565503 -0.01187093136023520401
 25300   0.972364 220.152783  43.212147 -0.00045055579324326800
 25400   0.972718 139.524527  28.216783 -0.00122882598154205880
 25500   0.957300 144.978952  28.879804 -0.01933371233524283639
 25600   0.998369 280.629819  57.069118 -0.01054886542430466534
 25700   0.950466  80.610822  15.941355 -0.01143277962231969980
 25800   0.980733 554.159041 112.433264 -0.03095061178154878689
 25900   0.958868  94.422750  18.558940 -0.00114624244399763597
 26000   0.981178 171.018326  34.394243 -0.00017370032084329523
 26100   0.998877 486.349179  96.337737 -0.00039518608556932122
 26200   0.979909 341.782243  69.733189 -0.00604301481182289990
 26300   0.995219 640.093669 131.463585 -0.03550601896591842888
 26400   0.979304 427.543245  86.767866 -0.03636805432697087781
 26500   0.976255 167.545347  33.411561 -0.00267169311925385955
 26600   0.978218 123.559649  24.867526 -0.00233737020958457720
 26700   0.996061 213.767724  43.385994 -0.00004735396491639676
 26800   0.958195 132.482120  25.958749 -0.00379151015118850410
 26900   0.971070 147.698332  29.258697 -0.00094626951769072321
 27000   0.986412 173.654303  34.421603 -0.00053875890012733407
 27100   0.974096 103.970719  20.870596 -0.00027937251418919118
 27200   0.988557 176.872232  35.644294 -0.00326406149805080759
 27300   0.988528 503.652362 103.037070 -0.01795149155486797099
 27400   0.985535 254.743249  51.190054 -0.00032290268587331639
 27500   0.991363 325.934539  65.773979 -0.00553666593158652631
 27600   0.986752 324.017168  65.272788 -0.00023550732836952193
 27700   0.976824 243.392823  48.969041 -0.00827251613798551944
 27800   0.992210 249.667802  51.258551 -0.02213739641921108614
 27900   0.998508 572.311961 116.496756 -0.01693360165428714481
 28000   0.982820 169.787148  33.895963 -0.00689259752922311009
 28100   0.970626 136.057067  26.901902 -0.00447194745849799347
 28200   0.971475 188.424053  37.196995 -0.00005068136455577132
 28300   0.986323 388.179840  78.829099 -0.01392997652747851589
 28400   0.993584 329.875317  66.394654 -0.01017610911331701118
 28500   0.986346 212.909226  42.551341 -0.00809255362049299265
 28600   0.990138 660.523752 133.601350 -0.00459055418690468287
 28700   0.958905 101.765401  19.966172 -0.00041199734491570439
 28800   0.981797 173.071004  35.005234 -0.00558818887598988567
 28900   0.957317 103.936964  20.445723 -0.00000872228077142267
 29000   0.977716 143.423066  28.649954 -0.00003965378132875230
 29100   0.983847 221.206128  44.104481 0.00008417821874218134
 29200   0.995765 978.906288 204.045075 -0.01665758804847428109
 29300   0.992276 184.995731  37.036367 -0.00066176786477711858
 29400   0.994071 330.478818  66.407746 -0.00275969085902261213
 29500   0.980057 164.645054  32.914878 -0.00297052410479636819
 29600   0.993297 193.023757  37.994586 -0.01022694595036455212
 29700   0.976496 156.071486  30.681504 -0.00204502897008040918
 29800   0.974027 505.111569 103.268525 -0.00814593647841377333
 29900   0.988275 172.161975  34.664034 -0.00443585125458412222
 30000   0.995887 413.917960  82.749646 -0.00635200505371358304
 30100   0.993501 487.027037  98.960950 -0.01394658989036656749
 30200   0.980682 144.916491  29.228250 -0.00937143398278550421
 30300   0.987347 281.530334  56.555998 -0.00093697497576528121
 30400   0.981059 139.970790  28.396395 -0.00294186416781982985
 30500   0.956469 110.287623  21.885041 -0.00253200452110391439
 30600   0.984360 177.004963  35.347431 -0.00150153104656425285
 30700   0.997853 612.224748 128.260403 -0.02760351254170245738
 30800   0.941402 117.407340  23.185423 -0.01015011347785588214
 30900   0.987262 258.706110  52.244263 -0.01604539527446036118
 31000   0.975560 127.672709  25.497992 -0.01183871583208429001
 31100   0.995364 234.799740  47.125078 -0.00096571763715758152
 31200   0.977230 112.470186  22.480861 -0.00236212848778905027
 31300   0.956999 194.237915  38.715934 -0.00132940520429514208
 31400   0.973726 242.015987  48.207898 -0.00261169707922448424
 31500   0.992420 188.671189  38.306773 -0.00246260622123628536
 31600   0.993977 497.485112 101.005614 -0.00275534094727447609
 31700   0.976685 127.853728  25.524918 -0.00146231845991096066
 31800   0.999418 440.541564  91.044343 -0.00091398679548149175
 31900   0.990656 200.721721  40.319084 -0.00144198037872200757
 32000   0.981097 126.396949  25.282247 -0.00109307992371654450
 32100   0.987316 175.850280  34.960034 -0.00185076693350794130
 32200   1.000000 399.129925  79.836380 -0.00200013593435244275
 32300   0.974638 145.974871  29.113445 -0.00018091555108057378
 32400   0.990745 495.847813 100.016307 -0.01027683193636619308
 32500   0.986810 204.659283  41.246623 -0.00009394750480140601
 32600   0.974120 176.694842  35.671772 -0.00324164067288990054
 32700   0.974511 183.813449  36.897113 -0.00048579568657203254
 32800   0.992717 472.845556  96.732453 -0.01347718107656703523
 32900   0.962519  79.617268  15.591677 -0.00024000385415412495
 33000   0.984648 201.059282  39.887480 -0.00146338231662213047
 33100   0.971706 101.703384  20.256837 -0.00087947920548003822
 33200   0.988929 287.415009  57.306708 -0.00315211111484359208
 33300   0.960143 108.310871  21.274339 -0.00077824447478036518
 33400   0.987077 203.098094  41.000800 -0.00190798947495807170
 33500   0.958102 111.192981  21.876570 -0.00023439347700815460
 33600   0.980987 325.835705  65.471864 -0.00559719078853504470
 33700   0.983759 194.289279  38.236831 -0.00414145838676915901
 33800   0.993767 136.481085  27.689162 -0.00276944090563091549
 33900   0.979613 141.201579  27.964736 -0.00900448399288933388
 34000   0.980150 144.206756  28.538529 -0.00168465209003088034
 34100   0.976970 217.473167  43.460418 -0.00232812071348575955
 34200   0.994315 325.972497  65.554931 -0.05894836024673111297
 34300   0.988872 162.030296  32.363226 -0.00504134975448522482
 34400   0.994683 512.562021 102.803007 -0.00739823925133009652
 34500   0.987557 264.452479  52.890336 -0.04615106467529273004
 34600   0.971931 146.334645  28.995557 -0.00069494513329715346
 34700   0.962726 158.257667  31.376404 -0.00148488524636292141
 34800   0.983694 530.746950 108.056886 -0.01417396582596097687
 34900   0.977615 146.844713  29.137439 -0.00008635475034424189
 35000   0.984351 148.039066  29.645820 -0.00006074608928940961
 35100   0.991105 351.039957  69.867243 -0.01071057206343084545
 35200   0.992042 545.201956 110.045014 -0.00214242984829127181
 35300   0.973296 113.939440  23.101942 -0.00226562951871045470
 35400   0.975257 139.554209  27.932612 -0.00188340391327557199
 35500   0.978402 129.814329  25.843616 -0.00223395926276737100
 35600   0.971127 224.017613  44.689319 -0.00722858565356432337
 35700   0.994131 240.379882  48.485238 -0.00820461330431498936
 35800   0.987642 131.351042  26.506041 -0.00632287717988333497
 35900   0.973081 191.756615  37.987116 -0.00099122676834895174
 36000   0.974435 138.308328  26.730083 -0.01336863924437281526
